4         11        11        10
5         10        10        10
6         23        11        10
7         11        11        10
8         11        11        11
9         11        11        10
10        10        10        10
11        10        10        11
12        11        15        10
13        13        12        9
14        10        10        9
15        10        10        9
16        10        10        10
17        10        10        9
18        10        15        9
19        10        10        9
20        10        10        9
21        15        11        10
22        11        10        10
23        19        11        9
24        10        11        9
25        10        10        9
26        10        10        10
27        10        10        9
28        10        13        9
29        10        11        9
30        10        10        9
31        13        13        9
32        10        11        9
33        10        10        9
34        9         9         9
35        11        10        10
36        10        10        9
37        12        11        9
38        10        9         9
39        10        10        9
40        10        10        9
41        10        11        9
42        9         10        9
43        9         10        9
44        10        10        9
45        10        10        9
46        10        10        10
47        10        12        9
48        10        10        9
49        10        11        9
50        10        11        10
51        10        11        12
52        13        12        10
53        10        11        13
54        10        10        10
55        10        10        10
56        19        12        11
57        9         10        10
58        10        10        11
59        10        10        10
60        11        10        10
61        10        10        11
62        10        10        10
63        10        10        11
64        10        10        11
65        10        11        11
66        10        10        11
67        9         10        12
68        10        11        12
69        10        27        11
70        10        10        11
71        11        9         12
72        12        10        11
73        10        10        12
74        9         9         13
75        12        10        11
76        10        10        11
77        10        10        11
78        10        10        13
79        10        10        11
80        10        10        12
81        10        10        12
82        10        10        12
83        10        10        12
84        10        12        12
85        12        11        12
86        10        9         12
87        10        10        12
88        10        10        12
89        10        10        12
90        10        9         12
91        10        10        12
92        10        10        12
93        10        10        12
94        10        10        12
95        26        10        12
96        10        10        12
97        10        10        12
98        11        10        12
99        9         10        12
100       10        10        12
101       10        10        12
102       10        10        12
103       10        11        12
104       11        10        12
105       10        10        12
106       10        10        12
107       11        9         12
108       11        9         14
109       10        10        13
110       11        10        14
111       10        10        13
112       10        27        13
113       10        10        13
114       10        11        13
115       10        10        13
116       10        9         13
117       10        10        13
118       10        25        13
119       10        10        13
120       11        10        13
121       10        10        13
122       13        10        13
123       10        11        13
124       21        10        13
125       10        10        13
126       10        10        14
127       10        10        13
128       10        10        13
129       10        10        13
130       10        10        13
131       10        10        14
132       10        10        13
133       10        10        13
134       10        9         14
135       11        9         13
136       10        9         14
137       10        10        13
138       10        11        13
139       9         9         13
140       10        9         13
141       10        10        13
142       10        10        13
143       11        9         13
144       10        9         13
145       10        9         14
146       10        10        13
147       10        9         13
148       10        10        13
149       10        9         13
150       11        10        13
151       10        11        13
152       11        9         13
153       10        9         13
154       10        10        13
155       10        10        13
156       12        10        13
157       10        10        13
158       10        10        13
159       11        9         13
160       11        9         13
161       12        9         13
162       11        10        13
163       10        10        13
164       10        10        13
165       10        10        13
166       10        12        13
167       10        9         13
168       9         10        13
169       10        13        13
170       10        10        13
171       9         9         13
172       15        10        15
173       10        10        14
174       10        9         15
175       10        9         14
176       10        9         14
177       11        9         15
178       10        10        14
179       10        10        13
180       10        9         14
181       10        9         14
182       10        9         14
183       10        10        13
184       10        10        14
185       10        9         14
186       10        9         13
187       10        9         13
188       10        9         14
189       10        10        14
190       10        10        15
191       10        9         14
192       10        9         14
193       10        9         14
194       10        9         14
195       9         10        14
196       10        9         14
197       10        9         14
198       10        9         14
199       10        10        14
200       10        9         14
201       15        9         14
202       10        9         14
203       10        10        14
204       10        9         14
205       10        9         14
206       10        9         14
207       11        10        14
208       10        9         14
209       9         10        14
210       10        10        14
211       10        10        14
212       13        9         14
213       10        9         14
214       10        9         14
215       10        9         14
216       10        9         14
217       10        10        14
218       10        9         15
219       10        9         14
220       10        9         14
221       10        9         14
222       10        9         14
223       10        10        14
224       10        9         15
225       10        10        14
226       9         9         14
227       10        9         14
228       10        10        14
229       10        10        15
230       10        10        14
231       10        10        14
232       10        10        14
233       10        9         14
234       10        9         15
235       10        10        14
236       10        9         14
237       10        9         14
238       9         9         16
239       10        9         14
240       10        9         14
241       9         9         14
242       9         9         14
243       10        10        14
244       10        9         14
245       10        10        14
246       10        10        14
247       9         9         14
248       10        9         14
249       10        10        15
250       10        10        14
251       10        9         14
252       10        9         14
253       10        9         14
254       10        9         14
255       10        9         14
256       10        9         14
257       10        9         15
258       9         9         14
259       10        9         14
260       10        9         14
261       10        10        19
262       10        11        16
263       11        12        19
264       14        10        17
265       15        13        15
266       13        12        22
267       11        10        17
268       11        12        16
269       16        11        35
270       11        14        21
271       13        15        23
272       11        10        21
273       13        11        22
274       11        14        18
275       11        14        16
276       12        15        20
277       11        11        21
278       11        11        20
279       10        10        18
280       13        10        19
281       10        10        15
282       10        11        18
283       10        26        20
284       13        11        15
285       11        13        20
286       11        10        24
287       10        10        41
288       15        10        17
289       12        9         16
290       10        13        33
291       12        10        17
292       10        19        15
293       9         9         17
294       10        11        19
295       12        13        18
296       14        19        18
297       14        11        46
298       10        12        25
299       15        9         24
300       11        12        20
301       10        9         20
302       11        10        16
303       10        10        27
304       17        13        24
305       10        11        17
306       11        11        20
307       10        16        20
308       11        10        17
309       11        10        19
310       14        12        17
311       12        13        16
312       11        10        17
313       10        10        18
314       10        11        21
315       11        11        31
316       11        10        21
317       16        11        20
318       14        11        32
319       10        29        22
320       11        10        21
321       10        27        16
322       10        11        31
323       11        10        17
324       15        11        16
325       10        10        22
326       20        22        17
327       11        12        17
328       11        10        14
329       10        11        25
330       10        11        17
331       10        9         16
332       12        10        19
333       15        10        27
334       12        11        16
335       9         10        19
336       11        16        18
337       11        9         44
338       10        15        23
339       11        12        16
340       13        13        38
341       36        29        20
342       10        15        24
343       12        11        28
344       13        10        20
345       11        11        15
346       10        10        20
347       10        9         16
348       10        10        23
349       12        10        19
350       13        13        19
351       12        10        43
352       10        10        25
353       15        26        16
354       10        10        19
355       11        11        26
356       11        10        16
357       10        10        18
358       11        11        16
359       10        10        18
360       10        11        16
361       10        11        16
362       10        10        16
363       11        11        16
364       12        16        25
365       11        11        20
366       10        10        20
367       12        13        16
368       10        9         16
369       10        10        21
370       10        12        28
371       10        10        32
372       11        10        15
373       10        10        22
374       10        10        33
375       10        9         15
376       10        11        17
377       12        9         17
378       10        11        15
379       9         9         15
380       9         9         15
381       9         9         15
382       10        10        16
383       10        10        19
384       9         26        17
385       15        11        19
386       13        11        19
387       11        10        22
388       11        11        24
389       9         15        17
390       11        11        19
391       35        31        24
392       14        28        18
393       11        15        44
394       13        15        30
395       10        9         20
396       10        10        47
397       31        30        21
398       11        11        19
399       9         28        29
400       12        31        19
401       12        11        47
402       13        9         28
403       10        33        15
404       9         9         15
405       10        9         16
406       10        10        16
407       10        10        15
408       9         9         15
409       10        10        15
410       9         9         15
411       9         9         16
412       9         9         15
413       9         9         15
414       9         9         15
415       10        9         15
416       10        9         15
417       11        9         15
418       10        10        16
419       10        11        15
420       9         9         15
421       10        9         17
422       10        10        15
423       10        10        15
424       9         9         15
425       10        9         15
426       10        9         15
427       9         9         15
428       9         9         15
429       10        9         15
430       10        10        16
431       11        10        17
432       11        9         15
433       10        10        16
434       9         9         15
435       9         9         15
436       10        9         15
437       10        9         16
438       9         9         15
439       10        9         15
440       10        10        15
441       9         9         15
442       9         9         15
443       9         9         16
444       10        10        15
445       9         9         16
446       9         9         17
447       10        10        15
448       9         9         15
449       10        9         15
450       9         9         15
451       10        9         15
452       10        9         15
453       10        9         15
454       9         9         15
455       10        9         15
456       10        9         15
457       9         9         15
458       9         9         15
459       16        10        16
460       10        9         15
461       9         9         15
462       9         9         15
463       9         9         15
464       10        9         21
465       10        10        15
466       9         9         15
467       10        9         16
468       9         9         17
469       10        10        16
470       10        9         16
471       10        9         15
472       11        9         15
473       9         9         19
474       9         10        19
475       11        11        15
476       10        9         15
477       10        9         15
478       9         9         16
479       10        9         15
480       11        9         15
481       9         10        17
482       10        10        15
483       9         9         15
484       10        9         15
485       9         9         15
486       9         9         15
487       9         9         15
488       9         9         15
489       10        10        15
490       9         9         15
491       9         9         15
492       9         9         15
493       9         9         15
494       9         9         15
495       9         9         16
496       10        10        15
497       9         9         15
498       9         9         15
499       11        9         15
500       9         9         15
501       10        9         15
502       10        9         15
503       9         9         15
504       10        10        15
505       9         9         15
506       9         10        15
507       10        9         15
508       9         9         15
509       9         9         15
510       9         9         15
511       9         9         16
512       9         9         15
513       9         9         16
514       9         9         20
515       10        9         17
516       10        10        15
517       10        9         15
518       9         9         15
519       9         9         15
520       9         9         15
521       10        9         16
522       9         9         15
523       9         9         15
524       9         9         15
525       9         9         15
526       9         9         15
527       9         9         15
528       9         9         15
529       9         9         15
530       9         9         15
531       9         9         15
532       9         9         15
533       9         9         16
534       10        10        15
535       9         9         15
536       9         9         15
537       9         9         15
538       9         9         15
539       9         9         16
540       10        9         15
541       9         9         15
542       9         9         16
543       9         9         15
544       9         9         15
545       9         9         16
546       9         9         15
547       9         9         15
548       9         9         15
549       9         9         15
550       9         9         15
551       9         9         15
552       10        10        15
553       9         9         16
554       9         9         15
555       9         10        15
556       9         9         15
557       9         9         15
558       9         9         15
559       9         9         15
560       9         9         15
561       9         9         15
562       9         9         15
563       9         9         15
564       9         9         16
565       9         9         15
566       9         9         15
567       9         9         15
568       10        9         15
569       9         9         15
570       10        9         15
571       9         9         15
572       9         9         16
573       9         9         15
574       9         9         15
575       9         9         15
576       9         9         15
577       10        9         15
578       9         9         15
579       9         9         15
580       9         9         15
581       10        9         15
582       9         10        15
583       9         9         15
584       9         9         15
585       9         9         15
586       9         9         15
587       10        10        16
588       10        9         15
589       9         9         15
590       9         9         15
591       9         9         15
592       9         9         15
593       10        11        16
594       9         9         15
595       9         9         15
596       9         9         15
597       9         9         15
598       9         9         15
599       9         9         15
600       10        9         15
601       9         9         15
602       9         9         15
603       10        10        36
604       9         9         15
605       9         9         15
606       9         9         15
607       9         9         16
608       9         9         15
609       10        9         16
610       9         9         15
611       9         9         15
612       9         10        15
613       9         9         15
614       9         9         15
615       9         9         17
616       11        10        15
617       9         9         15
618       9         9         16
619       9         9         15
620       10        9         15
621       9         9         15
622       9         9         17
623       10        9         16
624       9         10        15
625       9         9         15
626       10        9         15
627       9         9         16
628       9         9         15
629       9         9         15
630       9         9         15
631       9         9         15
632       9         9         15
633       9         9         15
634       9         9         15
635       9         9         15
636       9         9         15
637       9         10        15
638       10        9         15
639       9         9         15
640       9         9         16
641       9         9         15
642       9         9         15
643       9         9         15
644       9         9         15
645       9         9         15
646       9         9         15
647       9         9         15
648       9         9         15
649       9         9         15
650       9         9         17
651       9         9         15
652       9         9         15
653       9         9         15
654       9         9         15
655       9         9         15
656       9         9         15
657       9         10        16
658       9         9         15
659       10        9         15
660       9         9         15
661       9         9         15
662       10        9         15
663       9         9         15
664       9         9         15
665       9         9         15
666       9         9         15
667       9         9         15
668       9         9         15
669       10        9         15
670       9         9         15
671       9         9         15
672       9         9         15
673       9         9         15
674       9         9         15
675       9         9         15
676       9         9         15
677       9         9         15
678       10        9         15
679       9         10        15
680       9         9         15
681       9         9         15
682       9         9         15
683       9         9         15
684       9         20        15
685       10        10        15
686       9         9         15
687       9         9         15
688       9         9         15
689       9         9         15
690       9         9         15
691       9         9         15
692       10        9         15
693       9         9         15
694       9         9         23
695       9         9         15
696       9         9         15
697       9         9         15
698       9         9         15
699       9         9         15
700       9         9         15
701       9         9         15
702       10        9         16
703       9         9         15
704       9         9         15
705       9         9         15
706       10        9         15
707       9         9         16
708       9         9         15
709       9         9         15
710       10        9         15
711       9         14        15
712       9         9         15
713       9         9         15
714       9         9         15