841
781
870
624
1006
353
1001
873
100
717
257
828
774
939
731
724
613
621
437
242
131
373
160
150
219
401
882
722
11
953
192
824
45
917
93
629
275
821
366
180
513
396
118
681
132
254
545
193
191
792
646
492
119
96
668
768
152
355
1015
66
999
13
419
357
97
184
425
848
70
785
16
78
497
282
897
725
146
91
38
145
1009
696
959
812
460
298
923
493
506
374
246
847
312
432
315
183
1020
799
769
676
881
122
141
931
525
993
406
294
713
752
368
778
806
562
961
591
773
65
532
101
235
522
339
638
43
143
478
1003
517
172
239
582
444
106
495
73
928
126
136
289
558
130
482
670
331
258
450
934
834
893
20
674
948
392
665
296
456
786
329
474
442
269
780
530
241
388
682
7
170
981
414
964
669
546
840
313
994
33
894
876
280
574
394
238
188
498
573
837
767
264
560
304
354
19
434
210
866
247
55
117
54
259
954
575
86
833
139
943
207
233
983
276
618
1012
343
883
140
433
926
733
754
583
330
1021
481
740
813
912
440
278
744
44
470
556
94
855
201
158
735
164
120
675
75
860
206
345
320
98
699
601
448
429
375
857
940
365
730
186
389
10
772
384
451
231
225
750
338
630
568
830
404
308
466
653
527
62
1019
266
938
263
349
1011
428
852
1010
796
181
105
190
657
346
571
689
710
924
941
9
485
678
477
88
702
271
135
409
1002
685
878
468
262
814
610
340
0
102
541
358
732
974
63
540
567
655
277
880
996
989
484
790
165
826
743
197
797
694
542
905
888
949
420
166
48
990
402
410
336
550
47
879
684
818
869
808
659
871
413
933
534
683
216
436
804
648
360
77
248
584
742
300
644
910
103
252
899
968
984
121
884
906
137
518
654
662
1014
270
822
168
328
514
81
457
593
12
658
849
80
176
179
803
634
110
748
173
416
760
446
342
611
537
301
255
602
551
856
458
581
677
695
123
378
691
625
976
663
637
383
539
452
214
1016
149
1017
187
595
844
715
46
817
129
84
864
324
718
471
361
889
162
494
32
229
351
679
279
461
222
435
387
125
99
299
608
596
770
642
491
189
223
107
309
607
936
643
660
465
347
463
901
68
167
302
385
538
14
594
838
520
816
364
604
195
398
41
563
310
322
422
283
900
90
559
854
909
21
30
609
942
589
509
898
555
507
835
199
281
842
991
820
757
49
955
508
967
616
175
185
305
874
956
649
371
896
344
937
809
234
580
430
87
381
585
636
74
626
27
908
423
755
382
417
449
723
798
524
274
92
758
564
224
929
489
721
749
603
285
588
198
867
393
925
372
819
367
751
979
377
635
39
479
726
405
161
777
5
692
408
227
714
640
519
23
268
547
431
499
155
793
341
369
169
3
230
775
148
284
1022
935
511
261
605
572
76
831
220
707
982
671
807
729
673
503
142
56
762
333
765
627
680
623
337
980
133
334
293
700
89
907
612
903
215
962
843
709
462
988
787
703
945
920
985
111
104
221
592
553
297
599
390
501
986
531
473
157
407
171
453
29
800
306
1005
972
438
706
566
59
113
811
619
196
243
698
712
997
317
249
464
528
895
34
395
182
598
734
213
963
737
109
533
548
590
788
544
763
156
960
992
153
6
2
561
746
862
865
177
236
159
439
966
977
212
486
693
688
756
61
488
323
426
536
969
645
1007
868
421
861
400
480
739
25
42
587
376
946
314
483
620
875
858
916
28
965
950
846
399
350
952
82
445
348
226
504
232
850
72
1000
455
863
736
832
639
17
71
628
134
570
8
686
631
652
664
476
791
204
872
253
973
1023
727
886
36
827
728
829
1
512
50
711
554
615
919
557
391
469
839
397
144
741
203
327
209
958
267
851
124
690
766
921
411
579
53
892
918
127
970
292
502
363
890
521
614
661
927
415
40
273
287
245
922
18
957
510
200
37
697
454
745
352
60
632
403
586
31
1004
58
902
650
667
69
535
720
290
947
202
205
516
174
641
853
443
370
704
475
325
251
576
747
622
418
911
913
291
138
4
208
995
154
998
789
237
15
810
26
975
716
321
600
244
64
487
288
467
67
250
112
85
163
424
987
362
825
51
228
295
784
240
951
647
915
823
386
666
472
597
79
490
930
114
335
932
782
776
779
319
1008
412
35
218
759
459
24
116
836
22
887
719
578
753
701
904
211
708
147
944
617
359
217
178
108
115
805
95
656
379
529
265
272
815
307
971
332
794
859
577
256
447
845
771
606
1013
885
83
286
687
802
311
260
1018
427
761
738
891
914
500
549
316
380
877
565
151
795
57
552
526
783
194
543
523
441
801
569
705
515
505
496
633
318
978
303
326
672
764
356
128
52
651
