1100
3331
1550
2112
2717
442
28
3438
870
303
2473
958
1074
3577
3601
1200
1353
3511
1660
872
3299
2993
1061
3965
3755
2072
1075
1153
1999
3409
1320
300
1148
2451
2052
1524
935
2872
1902
1836
2896
1446
1708
4051
1461
1017
2454
3098
646
1322
1036
3249
3328
3660
222
2132
3967
766
1925
2708
607
3258
2705
1159
1383
491
484
2751
3981
3132
3582
1824
564
3934
3151
2121
2147
3475
588
2963
2986
2286
1412
1617
3779
274
3952
3909
2003
1560
2631
1680
1239
2134
2123
4038
387
859
1476
2853
3814
2459
3629
599
375
3700
3599
1842
2323
179
1681
1071
1894
3753
2153
119
3350
3178
3538
2215
1177
2624
3889
2051
1132
1348
450
2481
3442
1809
796
2829
3013
1924
3858
186
2727
2086
1827
4016
191
1575
2681
1659
2163
1321
1976
3133
988
721
1769
3423
1466
2761
1895
613
509
3049
640
3894
3925
719
1039
2068
1796
2046
122
4013
265
532
3313
1763
4082
338
3277
3815
3672
1196
1611
3234
1766
372
871
4021
1083
3465
3653
2759
2691
1619
1786
1406
811
2571
944
3541
3318
3479
849
742
2151
999
46
3311
966
2043
476
3244
1026
3175
3376
1070
2100
3499
3954
884
3477
2360
2858
1496
3173
2719
220
917
1315
3690
3553
550
3800
332
224
3998
195
1937
723
1565
470
1293
1557
2667
1086
1783
2618
3003
2333
2837
3021
2395
1485
1161
1227
2495
797
3365
2502
449
1511
2078
1539
1225
2715
1962
3412
2408
1527
2488
1403
3713
2096
875
2846
2923
1214
3725
3528
4093
1278
1904
203
3884
3856
1032
3111
3527
2747
3871
1880
3603
2487
606
3617
2838
2379
1045
2728
1169
3983
544
3560
2427
2035
3413
2445
3023
3757
3155
3040
1464
4087
3196
3963
1060
1273
1244
0
495
1784
2526
4075
270
774
857
1830
1068
997
916
3627
1767
1346
3540
852
2056
2402
2012
3418
486
4066
1535
1943
273
3316
1770
225
2654
3190
3544
2909
1107
2279
2536
3485
4083
1901
3308
527
2018
747
2191
3019
901
2066
3288
4070
2403
928
3695
2225
3207
1899
851
3333
2281
1490
2017
2622
3722
57
1761
3832
3696
2166
2365
328
3456
2685
114
2898
3078
202
602
3515
3105
2926
1486
1747
2118
2031
1909
2331
1699
617
1004
1333
2206
487
3145
865
1421
1907
3371
2808
969
2200
1582
2971
2969
1041
1478
1283
1572
2973
223
534
2594
1338
1155
1613
818
3993
3836
789
2033
3631
724
1578
2582
1173
619
2097
538
1695
3349
648
562
2901
29
2787
793
2776
2387
2221
241
427
1887
1183
2878
65
4034
2346
3598
3592
3002
1558
1286
356
1615
1108
1847
53
2918
1866
483
3503
2557
77
3262
2169
1422
2464
515
2645
2979
716
1223
2992
691
1038
1929
3573
2570
584
3170
1538
3810
2095
3845
2392
4025
2598
1608
1022
2794
1803
1520
1349
3253
1292
3062
458
536
468
2880
3990
2482
3953
1192
111
2617
911
3248
964
2855
631
3647
3625
276
1151
3441
250
676
3474
976
2663
2845
4089
134
32
3719
3340
1064
2065
2226
396
713
3534
3671
1849
987
1984
3125
2841
3763
3408
1331
1707
3892
3935
1220
3439
2173
1624
117
1997
214
3526
1604
1276
1525
1656
1861
689
1413
2671
2106
855
3783
3351
2437
2461
3833
2938
3146
301
261
3469
371
2491
2817
3838
3377
2367
3448
1791
727
1637
2417
3242
3651
2726
156
3533
1621
3864
1764
4076
3976
2545
3114
2941
1015
3588
581
153
390
364
2579
2322
1712
2139
3126
1501
656
2995
1053
1241
3687
2236
296
2940
521
2956
3405
2581
2248
479
2087
530
1869
518
1474
2852
2874
2746
3198
2277
2409
91
1184
466
4002
1528
1009
1033
1245
2659
411
543
1175
879
3025
3922
3303
3809
1672
3283
2642
3319
3849
730
2446
1940
3920
513
1351
956
3293
749
1449
316
1945
161
782
3326
171
977
253
1856
3030
1447
2558
1603
2327
440
2455
1832
2534
2561
922
1773
3416
850
893
3668
489
959
1297
664
2416
1206
120
1789
399
4019
181
815
3444
1242
4018
3199
3077
3693
978
1087
2688
1556
385
3291
1519
2861
2361
3089
1282
3322
1336
2283
3792
1900
3088
1955
2559
70
547
234
1164
695
2966
2180
2127
1410
3917
2254
3060
1718
3546
105
3268
3075
1751
3932
1001
2022
2640
3197
697
152
1335
967
4088
2486
1149
2862
926
4044
7
2468
2048
3516
2850
196
2330
1306
3136
707
522
1750
2798
3057
2847
3804
1139
3600
3095
1529
2601
146
2980
84
1400
2834
1014
1030
994
2014
3729
488
1960
2426
277
3860
407
845
1804
2539
3642
2195
394
210
3180
1584
2508
696
618
360
4022
2516
1500
393
1016
3543
2396
4001
1048
1874
3989
787
3698
634
398
3795
752
1453
3473
283
2216
553
2903
1614
2044
1170
1007
2074
2332
1970
1805
768
50
173
1662
1210
3090
3539
714
3053
1896
2399
1995
2356
1640
3069
1531
3037
81
3655
3862
1952
3388
2644
512
2564
2015
900
56
2276
3097
3685
2886
1425
1693
1489
130
1946
1023
1692
736
591
31
575
1927
3471
2609
4058
2608
1851
3243
963
931
2343
2583
3923
3785
1567
1482
2444
897
4061
1892
3129
2768
3612
3332
3851
2353
462
2937
3360
238
1265
145
3665
2985
677
609
1111
1399
1522
2291
604
1157
149
163
1008
1138
2372
683
339
1696
3138
507
3137
2839
2389
2730
1229
925
3842
1933
3996
3024
1932
2863
1986
1915
3081
3608
351
1646
1049
3754
2585
2211
3116
126
2414
3648
2136
680
3470
755
540
3913
3123
2701
3740
2334
3508
1125
531
2083
2955
1734
3026
3154
3386
777
2828
2193
975
2547
3010
704
182
2174
3134
3162
183
1669
2159
2131
1726
3446
1765
637
2812
325
737
3407
1136
3191
2146
1420
4059
3071
373
2804
1093
887
1870
775
1145
2113
1774
2532
4015
284
337
3436
3380
3315
1996
2318
918
4053
3228
3805
3073
2989
1994
3261
2326
920
1018
3480
3777
42
778
3769
1636
2406
1143
3
3265
731
1301
2026
3765
600
446
2953
1250
1820
2922
1543
166
1753
3863
3614
2117
2793
3304
853
2336
240
2234
3458
3930
1503
3820
3514
1727
2329
2265
198
2871
2527
3382
2411
904
2859
3274
3047
3167
3868
3356
3108
391
2895
3342
3931
2524
1176
3536
700
1427
249
1549
1035
2115
3369
1652
1947
1187
630
401
2762
1395
3296
1311
2449
404
1845
1203
1736
1790
2876
154
3107
1057
127
572
3675
858
2428
164
3070
3767
245
3811
3855
1964
1990
1488
3352
3634
3955
3325
1682
3997
3566
1188
2460
1741
67
3389
639
3087
953
5
2542
1716
951
1077
2821
2586
93
1178
1954
2591
2997
592
3122
1455
762
692
2723
623
605
2040
1285
1407
40
838
1651
444
1089
1777
1055
1785
2282
3563
798
950
2299
2485
2775
344
2141
1903
4009
1272
1590
780
1917
4054
2381
329
3659
670
2630
2831
1367
2383
2892
2757
1370
2661
2694
1382
2521
1864
1865
287
3639
933
2629
703
3012
3241
2077
578
792
2531
3869
2672
1137
209
3236
3758
706
381
3829
921
1359
66
2961
3771
3756
3933
3014
3048
3699
3204
3640
1788
996
754
341
2232
1037
414
3715
1062
463
1991
3300
2740
1471
51
1831
2666
293
1772
709
3489
2073
1688
3893
4048
827
1249
2278
2696
3411
1729
3414
1948
583
541
2338
3290
2212
3235
3383
2849
2442
3194
3684
874
1319
3279
1710
315
2053
1752
2295
2269
1521
1888
474
3542
177
888
995
2179
3401
2030
247
2359
3144
2244
437
384
1509
2148
809
3385
3286
3256
753
3570
3956
1266
1323
582
3415
1121
1910
3830
3055
162
555
2962
2819
1294
636
3780
3701
3225
644
3099
1802
573
2513
2294
3259
1096
2616
1088
2750
638
3982
3882
2307
1076
2981
2370
1709
2039
2813
3488
635
2339
3506
2273
3938
3645
1654
2974
3036
2109
1715
1610
725
708
906
1025
310
353
3751
2724
1950
2063
1388
1724
1967
386
3907
629
4062
3094
1013
348
64
2588
1969
2178
4074
3427
2843
3589
3865
3429
712
2400
514
282
3895
990
481
1728
1518
3936
1642
1377
833
1442
2748
61
2888
1154
1146
2699
1898
3034
2013
3032
1497
1337
1021
326
2142
410
1813
2155
473
819
1826
1983
3835
1326
1974
593
3050
3390
264
62
1801
3150
3255
2606
2982
1378
2741
3565
3970
2284
3285
882
3937
1221
2984
2187
3766
2988
923
563
1505
374
3530
2924
1703
3143
1448
4094
3761
1226
830
2604
1401
1871
3748
1635
3999
3644
1844
735
3727
1502
2092
1443
2958
3233
185
1274
2272
3987
2522
1979
2702
1701
2753
3562
299
3778
304
3260
3580
3861
1207
150
14
3189
1972
1956
524
1853
3564
1756
1876
59
758
1417
2830
1833
3837
417
2433
2709
3074
3590
1923
552
535
943
3879
1982
3192
1733
2737
74
3345
1328
3307
3786
2471
2970
1082
3841
2436
3295
3734
363
2363
2305
2665
2590
68
1661
20
1576
425
957
188
504
2649
2152
3571
3873
1386
297
1666
2042
3724
2810
2714
1310
3273
3531
2029
23
3799
3759
2125
2825
280
4007
1573
2258
3656
974
1254
96
1165
3808
3065
2602
1723
3704
3005
1679
2207
3392
2324
2129
1261
302
1810
4078
1275
2111
4056
1731
313
1793
2341
3834
1623
2712
598
1906
1507
910
642
2090
2633
4020
3774
1704
1128
1219
138
528
2593
929
1545
3789
738
3237
1019
3227
675
1199
2243
2198
3289
2738
3610
136
1878
2507
864
1546
3281
2975
829
1456
3567
3305
10
3347
2725
2103
1411
3578
3124
808
2540
1993
3312
3591
589
3343
409
3160
4037
3147
2900
2202
1397
3282
537
3183
3323
1460
3330
1800
3991
1141
12
3962
3348
3358
2949
746
2673
847
2107
2632
1510
3329
1130
1468
2976
1873
3918
69
2967
3046
690
1653
3487
1658
3007
2576
3043
3984
2382
1189
3266
1156
2792
86
2028
1971
764
306
2851
576
660
2523
616
720
2615
1599
533
2595
1144
2404
83
2120
1304
3212
1951
1309
3584
3772
1467
3310
248
3561
3752
955
2917
3363
116
3532
3788
519
157
2499
1644
2915
252
2069
3972
3555
3404
3621
3120
844
4043
740
3554
3181
3498
3417
3537
3635
1554
2779
1552
3306
21
477
1799
4031
1928
170
1452
837
728
193
2930
187
362
3866
3437
2186
428
1462
2300
2007
551
44
1593
3817
3370
3169
255
526
1622
2760
2931
3523
919
1402
517
3827
2238
4057
330
2646
2778
2145
2680
2575
1198
907
54
986
3052
516
3677
594
3964
2928
3890
2197
3231
2639
3324
148
2820
1738
938
1647
2032
652
2201
1648
1612
3679
317
1166
4047
3239
3459
3824
2253
1231
2731
3943
58
3731
4081
1384
1686
2580
2994
2233
807
687
3280
3602
2574
1581
2058
3461
1358
2231
726
2916
624
2038
1327
937
769
2597
1243
3643
2935
1069
85
3495
1779
3218
2475
2510
3213
2713
595
2298
2386
1495
3163
2739
1271
2456
1381
3628
2256
246
569
2655
2364
3928
139
2836
2351
3422
3317
3202
1235
3494
2950
3156
2567
835
1431
3703
1257
346
2036
2610
2219
227
3613
4079
4000
3529
2055
147
416
2822
2867
454
759
434
76
3112
3082
822
2578
3710
1517
3973
2023
3067
2933
3857
2149
1418
2079
2245
2342
1182
2679
445
2620
305
1479
3148
1905
1432
2358
2698
1364
2887
467
913
633
2501
880
1563
702
3172
744
3038
4014
4080
1771
1362
3058
2552
1097
2447
2162
971
3153
4040
2548
828
1922
2314
601
894
1678
441
3164
1694
1674
2287
3454
4085
3501
354
3270
1908
1655
1794
3796
3396
1298
3859
3682
1006
948
388
89
3798
3449
3744
350
1020
1194
408
3184
1314
3620
2264
661
3517
3357
3406
3346
1027
431
3066
1387
2651
3575
1755
1625
2034
370
2164
2350
200
3654
1911
1365
2413
4090
3009
485
1797
2565
1224
1768
3018
3733
3214
2306
3027
236
175
1202
2170
1056
1690
3476
2373
2910
352
3080
4060
546
2891
1775
3843
3797
946
940
2347
2119
1689
1415
1394
3188
1256
1587
176
2512
2210
3127
1935
2535
2450
140
2677
1398
3986
3678
2833
1437
968
1054
1926
2541
3130
2865
4039
443
2047
1135
2721
1721
1840
3425
2996
1103
2171
1451
842
3028
2020
1115
998
1760
2939
3491
3743
3886
3606
2150
4049
2061
1379
1392
826
3301
2742
3361
1162
1430
361
1782
1981
1050
886
3478
505
2611
1817
1848
1117
909
3272
2678
2893
2208
3716
3633
1941
201
413
268
115
419
3119
2987
2489
3452
3787
984
856
3165
3230
1834
3742
281
877
3688
3210
1228
1291
3801
1109
2744
1330
412
2647
682
3768
3741
1685
3939
710
3915
1414
206
1594
1616
1450
124
3576
4077
1172
3463
2268
3068
2441
2902
429
72
3718
285
3505
3569
2204
3440
2060
30
2704
174
2752
1498
1823
2960
1966
1530
2493
3187
3186
2805
43
729
3217
3596
3109
1345
102
3232
1295
3730
3903
327
868
1989
3366
2016
1195
1737
453
568
3691
2656
4064
2397
2823
3185
1634
48
3451
1889
3737
194
2366
2968
3881
2789
308
3686
3110
2004
1553
1436
3904
672
824
3802
936
2172
2856
2388
3251
1795
3940
368
2412
3509
662
2410
4045
2498
312
121
2296
2011
2398
3581
3006
1988
256
3372
99
3287
627
3179
603
3059
1106
426
1980
2758
204
2274
451
930
934
118
1280
587
3524
873
3484
2045
899
3200
1296
1677
3309
3960
3387
1066
3535
949
2199
1470
820
1852
3149
881
914
314
800
1977
1508
802
2566
3572
1268
2241
3375
24
2304
365
2247
1204
556
289
88
2285
2763
336
37
985
4065
1059
2977
657
2105
1691
321
1372
1424
1325
1279
3877
73
2230
3171
2266
3229
1897
322
1
2344
1444
2860
1835
3775
2328
3556
565
103
511
3518
1863
3193
1912
2168
493
848
1548
681
1597
2297
506
3978
3240
438
1208
1916
2217
1264
2000
17
180
1559
1158
2802
814
4067
3641
2084
1303
2577
1607
2932
1439
1029
497
1102
2550
3706
3275
1216
3314
424
2942
1380
776
2257
863
2801
3547
2259
3245
2857
770
435
982
3128
2101
235
722
144
3521
2658
3424
1465
954
2355
3948
2786
1657
1390
803
2161
2546
679
1893
259
1063
1491
2082
1867
2914
79
1347
167
2670
1248
2612
580
715
1632
3848
1705
2354
3975
2154
207
1080
3971
3276
1828
3045
3101
1284
1973
3980
3992
1190
2484
1697
2054
2824
3402
1732
2809
1302
3457
2797
1812
3807
499
1150
4063
2506
75
733
542
323
347
810
1205
2260
254
1179
579
87
239
2706
1739
2183
469
2394
2009
1119
415
2662
18
2875
3736
2094
1978
2869
319
2006
1072
4023
221
1483
3853
1492
653
711
1792
739
2528
3072
275
169
3726
1949
288
1542
510
3854
825
1684
80
2551
3447
567
3257
615
2472
2124
3549
2732
3195
665
3594
432
781
2422
1513
41
2452
178
218
1344
2815
107
1042
1067
2311
3899
1441
1375
2250
1419
1568
612
2791
3977
2337
2774
3916
3496
1376
989
2049
1829
3394
1352
2703
2362
2965
2844
2599
1606
1140
1598
2196
1046
2369
2088
2555
2490
1373
2927
890
3667
3822
1428
834
693
699
1308
269
2816
1098
3209
3051
2116
228
1858
2175
1269
2592
4046
3443
2803
420
902
63
2483
2549
1429
2509
3732
1201
3091
1884
1480
1193
403
2462
112
3467
2873
366
78
478
1891
1821
3714
2267
33
1356
1939
1258
3278
1317
4050
2182
2765
3951
3611
821
3636
2991
3712
3680
2246
658
3520
3900
1095
4004
421
1247
1602
1890
357
3846
2780
3017
1024
1281
3750
3919
1592
2376
2474
1717
2689
2062
3663
1857
1355
2185
3709
2349
2911
2999
1992
1099
1687
2990
1104
2707
3222
1044
3670
668
3957
2405
1440
1551
1533
2224
4069
1585
841
1839
143
1217
1854
2519
2500
2140
1514
2255
3168
2897
2335
34
3224
816
3466
3624
1850
343
3428
358
1627
2301
1749
2128
1366
3063
3431
208
1600
3618
3988
3995
335
1743
3908
2390
2057
3689
1028
1343
1807
1458
3702
2529
628
1191
895
1778
3015
1473
791
2292
3338
2457
2470
1114
3421
3901
1664
743
2652
3486
1515
1959
1454
1040
643
2600
1596
2466
2943
960
3177
159
3419
229
3263
3966
862
320
1334
1233
244
2440
1665
128
545
1113
1719
1620
482
2957
1759
2700
2263
3585
3166
2
1010
2222
2772
3297
1683
160
2686
331
3510
1808
3016
2848
2964
3284
678
2165
258
772
3085
2899
2309
232
3267
448
3254
3872
3946
3949
3746
3219
1110
1740
3004
212
1714
1354
3552
3749
1562
2315
460
1547
2929
1133
1921
1913
1267
1168
13
861
3525
2289
219
3238
4010
3586
3958
423
1234
1987
3745
1131
2431
15
621
406
3140
3551
773
71
97
2469
1574
1618
1484
783
3646
1544
3819
2476
3264
3681
342
2605
4052
2904
492
2280
1569
3341
2194
1628
376
455
2905
2181
3113
3115
2596
2345
2393
461
3826
1238
2435
2126
3921
2494
2692
622
2229
1084
3888
1237
2764
383
1212
2619
2883
1186
3929
1409
979
2626
4072
1493
757
4026
1605
27
2637
3433
349
2008
3867
3638
471
2683
309
3335
3269
1316
3355
878
2783
189
4092
2317
2908
1360
2710
2137
3252
2621
3683
1570
2070
3812
3791
1742
854
3083
2660
611
3760
1735
1253
2879
2025
230
2884
262
2906
927
2668
1843
1487
2465
2749
295
3944
3203
3337
2415
2425
1396
3794
266
3450
2374
1814
3104
292
1754
3896
3393
2310
3334
2687
1457
1639
945
3397
1934
1124
2520
741
4024
2716
1147
655
1065
1837
216
3246
620
3250
1342
2682
3434
2835
2693
1043
3776
92
760
1369
650
1781
433
345
2340
1034
3906
38
380
3430
2401
55
3211
751
49
2122
340
3374
190
2919
3666
197
885
745
626
2432
498
932
1762
47
2024
2530
215
3455
667
2288
2252
3490
1512
898
2807
3850
3008
905
1404
142
2019
1289
3825
1181
1930
571
2223
1645
3878
3139
3597
590
3912
4033
734
1438
2443
1211
101
359
2407
1875
1883
3887
355
2271
2160
1340
3100
3096
3821
2733
1523
2814
3593
2635
133
867
1499
3828
500
915
3559
2781
2745
1944
1706
1459
1504
1965
566
939
1142
3039
1859
641
113
1052
311
2130
1571
1434
1081
2754
3076
554
3961
98
1643
2842
2463
1818
2628
786
2189
2380
251
158
2458
1673
436
2767
1938
3201
1288
3513
3344
2467
2614
213
1270
3626
1881
52
561
272
2648
2104
840
1846
1746
3359
795
3637
1350
242
1536
3117
2936
1300
1313
2517
2439
3818
1423
2144
3152
2352
3426
3897
3398
3042
2503
2623
1445
1942
1126
548
1073
3135
2572
970
3092
3874
4011
2064
2041
3220
2261
1583
2102
465
19
2235
2203
1481
294
110
2423
4017
35
2790
2788
1361
1886
278
3652
1595
2556
1601
1879
1305
452
2684
651
108
765
698
1787
645
3302
475
3141
654
2553
1167
298
2676
1472
2228
2533
290
2319
2769
172
3391
94
4
3522
2573
3056
4041
263
3950
1720
1393
2205
3705
2302
3182
3497
983
1676
3823
3674
3086
1825
684
839
1920
2638
2357
2799
2912
2868
3453
2240
2188
3367
2690
2538
574
490
233
3803
1079
860
1174
1541
1246
3410
1312
3054
717
3064
3692
2954
1526
924
1968
3852
1339
2771
1003
4005
705
3271
2237
1163
90
135
3844
1185
2218
286
1953
279
2568
3432
806
832
39
3911
3720
2108
2653
2607
1277
3044
367
3481
508
2669
2059
3708
82
2143
430
3840
447
3093
3339
333
1463
2766
1725
1259
6
3905
1675
2613
3676
3607
1092
1307
1031
2711
369
3102
2089
596
2321
2071
2972
1626
3294
2518
3031
1385
2827
165
231
1841
226
104
2563
2920
2945
2156
1631
2755
1120
539
1815
1668
625
22
257
2275
1566
3959
529
1197
132
586
3762
2978
3205
3373
439
4032
3770
2303
1577
3395
3605
1534
2418
732
2743
3816
3615
392
1540
3206
3697
962
3891
3464
2925
1914
866
2453
3558
1958
2290
100
763
869
3806
2525
2114
813
3898
2429
1561
585
125
1094
686
2907
2734
3353
2478
1862
9
2377
456
804
4095
457
560
3364
559
2001
2800
1711
3974
2497
2479
2643
3793
3512
3548
1758
3711
1058
1252
2948
992
1005
1011
549
1586
694
3604
3041
784
3500
267
1123
3545
2806
503
3106
2239
2894
199
1506
799
1118
673
701
1702
2251
785
3379
2419
3739
3176
1998
3609
2736
1255
3941
965
2505
2316
2313
260
805
896
3550
2021
36
908
1090
123
307
389
3247
45
494
876
25
2718
952
3462
1251
2889
1105
1299
2176
1152
3927
3368
379
3945
2430
577
1667
3735
1215
2697
3399
570
1433
4029
3482
4068
109
2167
3707
2480
3445
1516
1537
2448
831
3118
3221
4027
4055
2782
377
1160
674
405
767
2227
671
3011
1698
3035
2675
3174
2756
3650
3103
1589
2627
2921
400
3658
3022
889
2385
243
3764
1670
2777
1872
418
3924
3875
1101
4008
1780
168
184
1579
422
3623
8
3839
3694
3157
941
523
3784
2584
649
1047
496
2952
1263
1588
608
2027
3870
1838
459
1290
155
3378
2515
3914
502
2795
750
2854
2085
2348
1745
1532
1318
3298
1078
3472
1931
790
4071
2434
3215
3483
3782
4003
3020
843
2785
2138
3033
3622
3728
3994
3320
2076
3880
3519
3460
892
1730
3781
2544
2885
1957
1218
3507
3208
2249
3579
3649
3947
151
2002
1287
942
2796
1116
525
1860
1671
4012
205
1002
3142
597
2050
211
3942
3926
4073
647
1816
666
1855
1357
2133
1663
610
3669
2674
2625
756
761
3568
2099
1405
2184
2371
2242
3384
3403
883
2325
2641
779
3381
2735
318
981
3493
1209
2080
2840
2135
1232
2864
1171
129
961
812
3664
2091
11
1919
3619
1435
912
817
1564
1885
3121
2293
4084
3226
748
2158
395
3492
1713
4086
3158
2209
1638
1240
464
2504
501
3001
192
3557
3985
1408
3813
2177
3885
1371
2037
1868
3968
1129
3969
4035
3630
2496
2438
3327
1122
1555
3061
1494
1700
1722
1591
1630
947
2157
3079
2881
614
2391
3321
1368
973
1363
1649
1012
26
2946
3504
823
3161
3583
2890
2934
2722
2818
771
1426
271
3420
1744
1757
137
3362
663
472
2959
2384
4028
2998
3979
718
217
2190
520
1391
2005
2110
2421
2537
1877
3910
659
2312
1085
557
3400
4042
3831
1324
1469
3468
237
2951
2067
3336
993
1112
2560
2220
1222
2650
3029
1213
2729
1975
3657
3883
1180
2589
95
3773
2192
2695
2569
2913
1748
3723
3847
1963
3131
2081
1475
2773
2543
1262
1332
3354
1961
4006
3717
3790
836
2378
1091
60
669
3632
2075
2368
3595
2657
2477
382
1650
4036
801
4091
3223
378
2262
4030
2511
3673
402
2270
972
324
1822
2308
1230
1127
3159
991
2882
788
141
558
2870
2720
2375
1000
2636
2947
2866
685
2983
3574
3502
794
1389
1329
1918
1051
1629
2562
1341
3661
3747
3292
480
3662
2554
632
1609
1641
1260
1819
1882
2098
3738
688
2634
1580
291
3876
2213
2877
2832
2811
2492
1477
846
980
1374
2093
1798
1806
2424
2320
2514
1811
131
3616
2010
2784
3721
891
1633
2587
1236
2214
903
3902
1985
3216
1936
3084
2664
2603
3587
2826
3435
1134
16
334
1416
2420
2944
397
2770
1776
3000
106
