7996
7479
6512
5182
2654
596
6207
4799
6005
841
2461
3564
8110
5154
6038
4138
4260
1381
3352
4535
8010
5574
3584
8172
6901
281
4548
6018
7606
1393
4320
6971
413
5329
2317
1806
3870
7507
3156
5918
7702
680
1953
1203
2302
7948
4358
4583
3712
3361
512
3413
1843
6981
4127
4324
2828
2374
4074
5220
3944
7581
1232
6409
3496
2185
2050
1894
3469
1863
1351
6379
5536
1191
7224
2186
8189
6807
3433
5751
301
3022
6333
5062
7266
402
2252
6941
5601
7818
5347
627
6093
3878
2350
7871
4076
3930
5680
5827
7398
8082
2954
2357
1880
2149
4473
7000
8001
7175
2840
4404
4160
3318
5284
3419
533
376
5488
4452
6057
3597
6150
1409
421
4252
65
353
5235
2536
2428
1106
7087
5468
2141
5331
2061
3327
2000
6147
7112
2466
4945
8127
5602
4814
2977
4073
1638
5083
7154
3806
4854
7664
3730
3023
4903
645
6478
6996
4732
5367
1167
3481
7829
6083
6657
2330
6689
4505
3305
490
6896
7576
1457
4030
834
210
2372
3512
6198
5197
306
3553
270
3927
978
4041
6577
2060
5158
1687
2035
1122
2575
8096
767
2588
2583
6388
6199
6078
7586
6399
1223
5814
4499
652
7039
1841
6423
1171
1869
7699
2770
6010
4760
1754
5916
3938
2328
5429
2301
2023
7811
170
305
5673
6710
3121
1294
3354
4756
2347
4964
4406
7207
5080
1200
7788
5704
4387
302
724
4672
1266
5453
126
6824
6983
4546
7681
5171
1836
2955
4711
3208
4598
1199
6
2978
7483
1426
24
503
125
576
3234
3055
5138
6796
3466
1096
7199
3782
1340
1626
3931
2808
4240
144
7283
4624
6551
4524
5941
2140
312
3731
8168
6004
7659
2563
1397
5873
8050
7299
5545
7619
5818
8148
7227
6640
206
7173
590
492
3388
3701
8118
7597
983
2690
6111
4842
1746
2431
4841
4876
6524
2927
3826
728
5076
2513
5005
853
1551
2359
5413
4428
4615
1429
1034
329
7040
2887
8060
5733
5566
8157
4501
6576
1104
6957
52
1547
1837
1891
4290
7330
1861
4589
2758
4717
4472
6391
4984
6984
1181
3465
3211
1712
4173
7993
4822
7278
921
1150
2534
998
4542
4296
2419
5501
3123
5928
5438
4865
496
7825
1856
2681
2521
6525
2244
7477
5800
5380
626
214
2531
6715
4617
619
7425
7732
2659
4629
3015
3409
1916
8013
2788
1643
709
4961
7180
5436
6953
5760
4912
3032
1667
4801
1296
3532
7904
4
965
3785
3264
2597
6202
1888
1654
4908
5029
7703
2272
2619
5412
1867
5864
1286
6040
6791
7025
784
5561
7896
4591
370
7748
6216
1123
1325
7776
5392
4631
2981
7179
2003
129
4596
3813
7935
5018
2041
3724
3928
4042
3529
1
5729
83
905
5780
2173
4831
1184
7641
2082
6023
4551
817
2958
4762
4099
2470
4180
2613
133
6149
6341
1477
3069
2
3568
6336
4089
2068
6146
5068
6496
4543
7755
7304
2905
1508
3284
7614
617
4218
1565
1896
4844
6557
2412
7159
3574
5762
4208
3513
698
1959
6492
6891
4802
5520
8007
2691
3427
4126
3428
5990
4636
4205
2730
442
6857
6156
3410
3098
1558
5223
3850
6215
5164
5433
1004
1928
6075
6510
6934
6517
2835
1240
2285
3094
1153
4529
3291
7372
5910
201
6122
2098
5213
6831
7156
165
1500
842
3685
757
2819
6177
3620
4786
5755
3111
4057
783
940
768
1423
6683
8120
3587
981
632
80
6905
2930
5712
3333
23
2019
7527
1250
7344
3145
4640
3531
6151
5894
1159
6864
6743
4914
6630
7261
879
6986
8146
5754
7133
1310
625
964
4828
5875
870
4939
5297
8080
629
4707
5099
6472
1316
2544
2376
747
2014
6944
7142
5986
7785
8055
1822
2548
8132
3866
4236
1248
6756
5613
1952
6258
7497
5547
4405
2165
103
4170
5692
4736
2578
661
2589
3747
264
7406
4411
4325
410
8108
2595
1352
4192
6521
6123
3778
3624
4603
6851
5362
323
1542
4255
1480
3721
3332
2707
5178
3187
7086
6875
458
4923
4494
2259
7217
612
2556
1061
1984
5526
5460
7638
2584
6795
7591
3431
4315
1361
4557
862
859
4152
5216
212
2664
4124
899
2112
4679
6165
4578
6785
2546
4637
5812
7746
604
6626
614
74
5803
3301
5346
2120
5098
4015
1579
7682
3360
1701
5851
5723
7030
8073
959
5390
7322
4212
5699
5634
1620
223
4132
1526
5006
2713
1007
5196
6768
6946
3470
6248
2832
7588
6411
7694
3453
4690
6712
6064
6771
7486
5562
2303
188
452
3840
3402
673
4330
2411
5720
2123
1789
2985
6373
7238
1756
2773
1183
73
447
3858
3768
8030
6217
4809
6049
5515
856
1502
6787
33
6802
1797
6537
6047
3506
4901
1546
1032
954
1813
2799
8163
3896
2895
3862
5033
8129
2124
6727
7992
6659
1734
1842
3138
6458
950
3248
2398
2939
569
1923
7391
4975
3614
4024
1262
6291
1267
628
2827
5195
5816
8012
4019
4567
2433
2183
4108
7153
296
4940
3745
2487
6894
7924
3405
6911
6616
4289
716
2293
1115
4686
3585
1129
318
6402
6407
4777
4977
5217
1956
4588
1910
4973
4552
6144
5353
7607
6095
6738
785
2015
7303
2842
4300
7774
2451
3355
4675
6808
6139
5343
3755
4372
6634
4400
717
3066
8111
2953
7028
4752
3172
1053
894
6913
3110
3351
2227
4735
7185
5161
1374
4195
2238
6676
928
2909
5376
1905
4974
2253
2360
394
7807
6179
7722
2551
7760
5152
2845
5982
6586
5533
7529
723
2944
5000
7562
4333
1482
7856
4225
3042
5798
3709
2188
7061
7639
7495
6692
2089
6742
5469
7751
5882
6929
6273
2785
3796
1708
253
3450
647
7371
255
2011
4113
6733
3557
6989
5669
2561
5833
4638
586
5424
2515
2674
7309
7876
4424
4189
2469
1487
3959
990
2054
8155
5524
3921
575
2087
6456
2552
4796
4729
6323
1786
5700
2370
4439
5744
5414
2042
4611
4751
7822
2901
2940
5630
448
1462
7920
3736
3692
4852
2612
2147
5295
5377
1319
7875
1966
7772
5100
7327
5427
4013
7831
8090
6109
3290
2843
811
4781
6106
325
1392
6113
7599
2445
3227
2564
1204
341
3503
6131
4785
6677
7321
3143
4125
2400
4243
743
3342
197
7045
2781
7941
2155
7422
220
5779
443
1154
5253
5959
7250
5422
1357
6555
1212
4663
326
7016
6278
5308
6685
7108
2267
4988
6754
759
1020
5404
1398
8064
6349
2029
5933
3249
5364
8102
5863
7538
3591
6515
1883
3340
4456
3735
1151
4922
2841
1404
608
3797
4766
8015
1282
6856
328
1538
6292
7362
3547
5708
795
3259
6019
6972
5857
6006
2590
7836
5108
3159
5579
3765
830
7277
5525
6356
8183
158
3863
1814
1899
8092
1376
3422
2695
322
13
5351
3562
3581
3035
3286
6553
2100
6651
7710
7190
6435
878
278
1101
5102
358
1630
5805
1060
5617
2076
1949
1453
3527
59
5193
3141
5721
2581
7460
1808
3808
4391
50
5131
6736
7126
3179
4816
5339
175
3582
6344
2074
8109
4375
7917
1468
1470
1692
2501
2516
2567
172
7423
7686
7465
2602
4528
2232
216
6812
6314
6954
1087
381
7310
6709
4331
6635
6544
2755
3254
3843
6596
198
5503
1127
5338
1917
3857
7420
3654
6060
5222
7488
4862
5484
5513
6526
2744
3297
233
5622
4680
6000
1892
1474
4349
6624
2997
6877
2099
5465
5714
4584
1454
2607
184
4309
6881
1009
437
715
6412
3146
7698
5263
6061
6076
2395
3051
4364
4211
1033
755
5666
7819
3189
6161
7451
6114
439
6876
6187
6897
1669
5322
536
3723
4978
7618
4693
7059
3204
4652
3322
2219
906
7660
7987
1735
5309
6815
6612
5817
800
1951
5276
4271
7264
6834
8037
1651
6390
1519
2869
7211
6016
435
4090
922
7357
39
3985
7002
5198
8117
4101
5768
7286
4055
1072
355
1823
573
6778
5323
5457
3770
4863
827
4020
2031
732
1313
6485
2566
6601
7678
3185
5136
6948
3775
6951
6372
6081
6745
7634
153
3436
1283
5998
2926
7901
3275
7170
1035
1695
427
7930
4246
7163
5770
49
3936
4894
2450
1728
5590
213
1524
4553
1974
5900
261
6200
1029
3029
737
4065
1848
1148
7349
7667
3136
1489
7806
85
6649
7709
1496
924
1581
5169
7784
2096
3911
2599
4381
5731
8154
4928
6569
7280
4376
344
3137
4825
1466
7564
5247
1476
1593
6731
6367
7765
4519
5188
7923
1403
979
2793
7849
2877
7783
5901
2033
7771
5227
4610
2257
3920
786
5282
4747
4813
794
4995
4815
4771
4443
1216
624
5647
4491
6915
5013
5962
314
6300
5655
769
3242
3646
5046
6213
6663
7026
933
5952
2138
150
1272
598
5715
5177
6889
4203
405
1752
1045
4007
1650
3021
2175
3343
6371
702
6067
2164
3164
4691
375
2862
7860
8069
3010
3380
4388
1585
618
7060
4581
2726
3882
1088
3558
7847
313
8052
1320
3477
5492
1420
2668
2321
868
1530
3456
4006
7350
1927
7393
4787
4893
2807
4896
3887
7315
6012
21
5713
6192
7181
5640
5664
1671
1657
5716
8161
4317
2408
6428
808
8025
7846
1690
1484
3946
3894
4880
674
4010
6090
4562
5594
4402
4966
5668
3608
4353
3949
4956
5971
7700
7574
7384
2455
2201
6065
6033
3627
5992
5683
2507
1252
4148
7375
1243
1082
6244
555
4992
3726
7323
1947
4530
7635
4311
4536
6906
2159
7426
5565
1205
3494
4412
3253
2036
2233
3186
244
2824
6940
5257
5025
6747
3756
9
657
6429
5326
266
5037
7046
7932
78
3801
3565
2718
2113
3076
6990
6036
7459
2614
2410
3062
1531
2549
7333
975
7512
6044
7969
2457
6312
62
1460
4275
4116
6653
1434
3696
4946
397
4308
7908
3992
4467
2645
2284
4468
2964
1562
89
7129
7723
5610
204
6723
1229
6533
2057
6539
929
1738
6717
262
2030
1529
5093
8063
4627
6162
2180
1332
5934
898
34
6926
920
7655
7102
6991
2624
471
7734
1479
3
4040
5657
2476
4942
72
5848
4658
4492
1081
670
3397
1288
7407
4884
8184
4197
2028
2103
6408
7379
5386
2215
6628
8039
7435
1575
1410
3902
5776
7567
5016
4609
6688
90
3437
485
6360
1078
3359
2918
7438
6665
5243
4661
4487
5872
2281
1686
735
554
5017
1244
66
108
6129
4765
4427
2205
4037
5825
7997
4401
1241
7329
8131
2923
149
5303
3483
373
7317
3108
7518
5128
1591
730
6180
2522
4334
2121
3744
3710
3660
6350
1534
4386
5354
7141
3669
3418
2161
1902
1333
4025
2157
4012
945
2040
2983
5902
1554
6992
599
2078
6699
2859
7187
3216
3238
4414
5053
6697
6272
3766
4887
2727
6124
6956
4250
2847
8134
1559
4699
489
7316
5357
5105
7226
6687
741
4911
6619
3270
48
838
1846
475
7603
2008
148
3272
3280
4726
1498
548
1505
4231
3190
309
6469
6393
5428
7491
7719
3006
331
6681
6783
7793
3434
2444
6554
1233
6888
2732
6267
4121
3519
1879
5487
1068
616
1885
1967
7653
4556
731
4590
2621
640
4545
2172
4462
460
5333
3599
182
863
1790
2931
4527
2543
5824
2777
682
6181
4219
2278
7957
2938
8152
1388
391
3385
2631
7023
3884
5211
4682
5250
1221
850
1347
2720
111
7001
4677
7374
1759
135
1516
3005
7516
8144
2971
7298
4345
6678
4955
6853
2883
3615
7758
6397
6468
7550
1758
3742
8116
2211
2517
5304
5975
5970
2988
5059
3516
2662
2844
4196
7295
4169
1019
3923
5032
6639
1774
6764
3793
2817
236
8081
1370
5411
5275
7243
2367
5552
2526
5769
500
324
6882
5269
5855
564
8124
6418
5606
8021
2052
775
3225
2295
2591
5444
6690
5441
1157
3771
346
5366
2539
7919
3717
508
1970
5409
117
7504
6159
840
6592
7648
2736
8095
764
6545
4782
3561
2174
3471
1399
4106
4641
5607
8089
3836
3551
7262
7131
141
5586
280
4858
7674
5890
2373
6404
6098
8046
2627
245
6982
5399
6608
6362
5095
1169
1306
2712
6392
4304
6987
3112
7596
7288
1074
1142
7246
6955
7443
3973
3497
1427
896
7312
572
6282
1826
4083
5079
4555
5841
1886
2606
7510
1850
86
5726
6999
3810
6985
6235
7080
4877
6668
1005
4365
1876
4861
752
3707
4314
1194
1656
1736
1315
7070
1291
1461
1613
1852
3965
5279
1412
199
3703
6582
6227
7117
3199
6163
1799
3566
2922
1435
8014
3576
1772
1931
1028
7970
4748
2746
1424
8083
4959
2327
531
4761
7220
1174
2716
7661
5707
5858
147
2049
5603
5030
6230
6645
3824
6189
3514
5106
3432
4093
3009
1124
4157
171
5114
3814
6041
971
2320
4431
3851
7462
4836
2724
4833
4188
7789
4383
1594
8005
2914
6413
5490
8071
3602
5039
6511
6221
4081
2402
4496
1185
4434
400
5249
1858
3628
1646
3690
3057
5452
4026
2937
45
4163
5244
2385
2274
4871
256
5752
7311
1860
1079
8121
6039
1740
57
464
5980
2318
6603
4384
1878
7548
7256
4497
7478
2913
100
3898
993
105
4220
3152
3166
3515
3552
388
5794
7750
167
1785
3632
6890
5199
4521
6269
162
4727
7757
7442
5823
5236
6773
4885
7106
4550
6650
2005
1597
6172
1710
5994
4068
1108
7809
3302
4643
6861
7081
2084
988
2680
4795
6660
2685
1488
7424
44
2745
4117
4891
6597
3994
5943
6101
7361
3659
7065
4167
2203
6845
997
3320
2196
6837
248
4449
1368
4193
7978
1107
1514
1324
5616
8164
5880
2512
1517
7417
1014
6604
6729
6276
4475
3444
2780
5208
7561
1624
441
2615
7405
3239
6293
2500
1795
6256
635
3267
1334
5838
1994
522
5993
6839
3113
4960
4714
6046
6602
472
7196
5774
2936
903
2518
2079
3649
7468
3486
727
6749
1322
1924
6214
2204
2917
1549
3403
6958
6871
5912
1027
4319
3630
746
1430
4105
5972
3753
5221
4516
2117
4390
4597
579
718
4359
5625
1094
5139
8040
7184
5808
5944
6381
517
1433
1037
1604
4078
3460
8107
2178
3050
4071
5844
5856
3223
1164
3448
2065
1042
5809
6528
7502
6176
3639
3246
7985
7671
1709
7273
2647
2226
4313
3879
494
118
3025
1345
3174
6821
3789
7041
6519
4882
6885
7269
4915
4759
4023
7808
5819
5359
5023
6759
2111
2401
6670
6561
1257
1946
3805
7922
1877
7938
3468
207
2439
8023
5218
7265
3680
6930
6283
2192
1996
6922
4429
8115
5937
1652
685
1743
551
5585
1717
3132
3746
5320
5423
7878
308
4194
3061
168
7866
5028
7505
8022
4072
3722
8086
610
7843
5505
5679
1653
7842
6335
5968
6220
4352
4722
1297
1222
5089
5509
574
3357
1711
5142
7078
2471
7013
3919
5899
3595
4666
486
963
4259
2765
934
1904
787
5085
3580
6902
4758
824
6377
2235
2876
22
5442
4706
2761
6406
2379
6380
2189
4159
4917
8068
7584
3163
2508
851
513
5522
6973
4806
3490
5676
7611
3662
3319
7835
2998
7594
6757
4821
1749
7155
695
4002
3348
5948
1469
1299
8141
4746
7383
5939
3933
3039
4151
7247
909
3078
7778
7433
6022
5165
5738
2465
3961
6313
1875
7998
1360
4110
943
4175
7297
1802
5192
320
2779
7337
3314
2915
3657
4486
4070
5642
7559
7084
6643
6099
7291
7441
5835
1983
5777
3629
7850
6484
1596
7192
6419
1483
5936
4448
5685
7903
5974
230
4382
6327
3997
130
5206
7790
7649
5997
3877
2665
2346
3295
131
2020
6637
2488
1722
563
7524
6529
951
6979
4997
3134
6761
1847
2236
1116
284
1937
4122
5370
2389
749
7409
7869
4474
3653
2626
456
4749
4653
4913
8181
5868
4957
478
5405
5558
2904
7352
7759
8188
4985
2933
5047
3499
566
6119
5604
1960
3932
5477
5464
311
4929
6909
3665
3176
7881
3071
38
2375
3828
4077
7476
7165
7121
185
7354
8003
1118
7044
982
6091
2796
7915
2520
1132
2812
5979
3328
4464
6474
1143
1648
7275
2833
7868
3757
6361
3196
3093
4129
4363
7616
5621
7523
6693
2075
337
260
169
3053
4022
7287
3018
7971
4697
3096
5317
2032
1972
7726
881
3559
2652
6070
6311
7637
518
7308
6711
7244
5082
4705
2609
6884
2559
4403
7566
6246
1379
7328
2145
583
7147
821
7541
4155
5791
5443
476
5319
656
4520
6396
8026
540
3374
2206
832
4692
7974
7253
6781
2291
3626
6128
6102
1598
7891
5832
7743
1425
4869
5646
984
2056
5125
707
2044
3861
3905
3910
7452
676
6620
4039
6125
2497
5847
4268
5885
3809
6470
4103
4277
7972
6082
1948
4837
1560
2200
2241
4937
2600
7528
8094
6155
1674
8019
6332
2130
3049
6836
2742
7886
1071
1703
8051
454
4276
6118
3475
7446
2139
2116
4069
3027
3748
18
7412
5292
1389
4419
7017
7235
958
1493
3425
6140
6364
2892
7232
872
4850
7905
5502
315
5985
5802
6271
3287
4199
5560
161
127
4716
4442
4712
6701
3084
7282
5127
3363
6138
5499
7453
3702
1915
6503
1384
1955
350
7910
5950
5011
2879
5981
4968
3666
4700
5510
5778
7956
94
1059
5336
2950
4200
7127
6431
3034
4670
4853
4398
1329
8169
6464
2222
2058
4241
1999
587
6970
3511
7324
7122
4109
8176
5272
2297
3373
7651
7733
2198
8156
69
8044
1441
4772
7568
2390
5356
2987
4927
4038
4564
7413
3114
4704
7555
5737
3713
1278
8139
5432
2477
219
6400
6843
6157
5067
2397
7827
4724
5110
6167
5595
3028
2107
8029
4708
1039
1881
3618
2132
5135
1419
3909
7715
357
4435
1298
3226
4662
3268
4209
2711
5410
6251
70
2818
5116
3316
3916
1354
2643
3698
7004
5523
7631
2384
4613
2974
3265
1606
7176
4728
6786
7229
3641
1098
4253
7164
520
1378
4525
5421
634
7939
1356
3969
2823
4703
1312
2064
5078
7768
1986
1008
3048
8175
2961
4044
994
6008
1490
3330
4534
3038
8056
543
8114
4141
3235
3652
2319
4420
3546
1152
7411
7629
5327
7024
684
488
7089
4715
2872
5273
7334
7358
1383
2216
4064
1173
1309
1950
1473
7105
5530
701
6893
2048
2334
7968
7730
7336
7952
2699
2009
8000
7445
3590
3119
4587
6068
5015
5264
4120
2250
7532
6328
7601
5246
3356
1721
2519
2073
4537
5926
893
2292
3697
4455
7577
1197
5237
4907
7213
4338
3926
1682
7916
6578
3103
7792
5225
208
2160
6288
166
6477
7439
3395
1031
3983
7820
6108
2598
534
1791
5951
5474
6748
5012
7239
1757
3449
1753
1187
122
335
895
319
7975
1512
247
7955
7551
6206
180
989
2980
570
5294
1491
5806
5881
3970
5999
713
2836
273
7148
621
5743
1586
1665
2158
4123
2363
4237
4868
5756
1853
1051
4838
5544
4619
7125
7382
7281
4574
3606
3974
5480
5289
2542
6369
5112
7799
4860
1188
3791
4332
5143
1478
3258
7267
4539
1268
2388
5839
4392
8011
4003
7172
970
1006
4370
7236
5040
1439
2311
1506
227
5567
6045
7501
5075
6686
5659
3100
282
6735
977
3088
5834
4085
4154
7259
3937
4731
2007
6825
4095
5519
5964
7360
2254
4790
4305
2700
6185
4028
1636
2802
792
2580
8
4047
7716
203
5119
102
2021
1436
142
7963
509
3569
1219
4503
4144
2414
5148
7851
3563
2013
2737
8106
5416
4043
7749
6030
4307
3393
191
1110
7643
6706
6967
1975
1202
2309
6737
4257
6088
7672
2424
429
5019
222
2684
5387
3151
1964
3943
5498
6790
5312
1114
5575
1523
3869
2331
7109
269
1371
3407
3011
5449
2956
6308
5539
3358
5122
3480
2722
2101
1801
4947
5036
1796
1256
3777
5796
2709
2156
6952
7376
3315
7906
5932
4857
4783
3718
2640
7571
2782
6427
2094
6289
4014
4054
407
6275
7873
6084
6925
4489
2498
2976
4830
7767
7786
1140
1455
6309
5697
6716
5305
433
1446
3623
5884
4178
7554
4793
947
359
7293
7837
7652
3856
7642
4845
675
1038
1486
3154
2177
615
4379
7097
733
3720
2866
6892
2085
7318
7138
82
5764
412
1147
4367
2256
955
7191
5060
4066
6945
1247
7427
5202
114
1317
4164
2181
8065
2775
3095
4291
6565
5534
6319
3605
1865
1097
5335
5583
5306
7717
7644
5746
4046
1839
5914
669
2733
689
5215
5170
7834
7608
6035
1013
1265
2436
1925
5201
3230
3579
8036
4710
2663
5027
7051
5696
2080
123
6239
6304
25
5710
2907
3998
6695
4538
1637
880
3244
1742
8062
5174
5596
265
1044
846
7221
7485
2304
1782
4930
6330
7899
7062
796
2115
3484
6290
7363
4994
5483
3420
6866
2223
6918
1893
5496
6629
3536
7387
6037
361
8187
1270
387
5886
3188
5183
5542
1941
1459
1451
6599
3390
7741
1161
7841
6186
4824
6638
6359
4644
7540
8085
1729
7245
1293
3671
5852
1737
1253
2114
3868
6414
6347
1900
3988
6324
7037
5009
5945
7892
6642
4909
5650
5957
7854
687
2928
241
7370
5637
3074
3213
1720
2573
5071
565
926
750
3479
7158
7251
3077
7959
2550
1760
1557
1458
4187
1662
4899
5905
4660
338
8113
398
3521
2152
5908
762
4242
7204
3435
5226
3236
2251
3197
7697
446
2789
3811
6718
4447
4323
242
3980
2310
3344
6543
5368
3941
4011
3135
1727
3392
4140
8087
2108
2240
5162
6141
4989
4919
1418
771
5463
3593
5742
2403
8130
5615
7494
389
1702
4683
703
138
2210
2352
8162
720
4779
7386
4684
7043
6570
1731
835
5629
1693
966
334
544
778
2199
6658
2261
3099
205
215
7798
2316
7828
6674
3837
3256
7466
4812
7014
3439
1228
1499
2167
3203
4840
5953
4469
5291
1179
1178
2325
3693
7492
56
289
2342
5896
6287
7569
7595
7725
1394
1314
1564
6225
7400
4910
1676
7341
7284
1765
8009
739
277
1987
8185
7493
3560
7944
7007
164
2276
5066
742
5815
3209
2885
7005
5830
813
349
2675
2565
5398
7885
2898
8178
1003
3760
5672
2920
6855
1590
848
3086
3611
6133
408
5804
3162
6116
5132
7132
3281
3530
2393
801
5860
654
4079
3543
8179
1681
2308
6869
5072
3890
4357
1012
5388
7613
4145
298
7195
7855
6387
2266
6559
2850
3020
5907
4228
263
7585
944
7714
3873
7590
6598
3798
3004
7231
1569
221
91
3609
5874
7456
1993
1292
5467
1632
2673
6295
7458
200
3571
4592
1111
8103
644
3570
455
6134
6354
1485
3198
3750
6527
8008
5927
6204
1587
5014
1645
7392
7032
7636
7480
3255
2362
3220
7600
1704
1528
3754
4999
2890
3603
2378
7484
7351
814
4608
6050
3508
1992
2683
5270
7094
932
5061
7015
5058
6126
258
4723
1407
7085
4800
5314
6860
6923
2137
7918
6832
317
3586
2555
5589
1660
6274
5341
542
157
4031
2831
538
6032
2503
8123
2287
2572
1382
5811
3681
190
451
6071
5070
7942
3800
2425
4558
3365
6296
5690
4541
4674
107
3117
1611
6160
2314
2855
2592
7319
3292
2965
237
7857
2884
3820
529
6671
1621
765
2404
5439
1817
5342
5786
7936
2721
6152
5203
1475
816
7257
5725
3802
3917
809
2242
6453
2778
5783
3945
132
1390
7833
6009
7038
1432
1833
3738
5784
3180
6611
2596
5048
8017
7962
5255
1602
3276
3575
2696
7432
4094
4190
7320
2218
561
483
1570
333
2692
1289
1304
7022
7950
6792
2202
973
4471
2806
3673
4866
3667
186
2723
5671
6315
2743
3399
6947
5859
3592
2514
1092
377
2604
1303
5569
3987
5278
935
5740
4902
6595
2540
1146
187
3827
6042
6028
4004
6430
1997
4952
5031
5989
2912
1583
3729
7255
1160
1000
6416
5419
8002
453
3488
7692
3012
5556
4362
1226
3830
1235
2830
5358
7116
6550
6051
1599
6965
6284
4344
152
3600
1369
3706
3148
2574
2312
5788
2942
4924
2062
294
3539
1933
6357
694
4991
1730
6279
1537
2849
3689
2593
4512
1641
1568
1679
6031
481
700
5004
1882
3072
1973
6482
3542
2446
7104
6993
7487
4905
1855
5665
6444
1067
3364
5077
907
4753
6013
4107
843
7880
6547
839
2494
3001
5214
1995
250
4021
1615
3852
5084
2641
7457
395
5332
1726
7598
1543
6228
798
1732
6509
4279
7879
1261
5572
3967
7471
923
6960
704
1022
7463
4665
6744
936
5401
650
1556
6740
7780
5163
2505
5929
4647
4430
3017
6121
6672
6164
3367
5393
4859
8104
3501
2795
4916
1725
3914
6003
396
3362
6318
7547
2897
371
1307
559
545
1346
3500
12
4702
5434
8174
1584
6806
2803
30
202
5889
5741
914
740
3741
8027
8191
2858
5259
2179
4183
1120
1385
7431
6784
4881
2601
5958
2294
3968
3424
1386
3588
209
7066
3155
3668
6366
2693
7177
1015
7342
3643
7306
6480
1777
7645
4616
541
5633
6365
5705
7572
7573
6420
2616
6497
7111
4131
3691
7824
1897
1912
912
8053
4273
3656
2194
4421
7429
5101
5345
151
2794
7300
5134
6818
1678
6758
5631
2891
5374
5348
6097
5645
3854
5600
2660
611
2610
6007
588
5592
3396
4890
4593
3764
6804
5022
4823
2948
507
712
5728
3518
4264
36
5373
844
7419
6664
2661
1036
2629
6531
3443
3900
867
4204
4058
81
3457
348
6789
3524
3642
276
3478
4500
5773
1914
7474
2628
6182
6609
6720
5563
7736
4506
2768
6770
7724
807
4249
2460
1192
6137
3975
774
797
7008
3651
1109
2300
6962
6614
987
890
4397
2860
3210
194
1942
3346
2110
1095
5846
6234
1724
2338
6465
6479
360
432
3458
6518
2535
5251
8171
4061
2863
7552
2558
4437
3991
2482
2282
7735
6621
5749
5063
3567
3127
4213
552
3635
3960
2260
6378
6766
4983
1338
3895
4438
3734
6652
1532
523
3893
393
4088
2622
2982
1691
5437
6183
7490
5324
6024
974
1884
6870
176
1431
5181
3451
5176
1767
6844
6471
426
3719
6939
4739
1934
5793
174
386
6914
1675
6052
5871
2894
1608
2797
4303
1976
1921
3619
5674
1944
871
711
1186
7101
1180
6903
7862
3664
6534
5550
4698
1085
4921
532
5898
2214
4258
1336
3533
3915
6417
1323
5660
1868
726
1102
6224
6247
1275
4245
4482
6352
4848
2043
1571
6506
7853
6912
4351
5663
8186
2648
2066
5160
7120
5521
6656
1509
2053
1255
8049
7137
6820
2725
7763
2151
6166
474
3929
7461
7870
2910
7009
1507
5879
836
7579
1363
292
2299
2846
1263
597
5482
578
6842
4261
942
1963
2109
3383
4811
4263
6850
4843
931
7302
1158
193
2868
864
5608
2081
802
3474
2237
2027
1601
4441
1677
2039
3550
5922
5232
6331
27
3904
2288
7113
1405
5930
1421
1063
445
3441
2698
7676
3133
6675
5651
2992
156
6835
910
5923
5233
722
7560
3867
4498
6240
7628
696
819
7444
1588
4198
1156
4645
3498
937
660
1119
5795
6238
2277
4274
5775
525
3153
5568
4676
1002
2889
440
2055
4445
6873
5511
7340
2880
195
2886
279
2896
1683
2708
2024
3087
5290
4354
6447
352
5821
124
417
7895
2231
6998
539
6777
3787
7965
7515
6977
5271
860
7214
7076
6355
5190
3007
7632
2929
5727
3085
7055
1172
2442
7612
2865
5140
3177
7130
6995
710
3386
7294
26
6342
4601
3794
4549
7482
3648
3266
6548
2001
1348
1619
3925
6171
7897
307
1214
4321
613
2351
3977
6849
2719
2337
3979
7803
1136
530
390
5570
3310
6562
2225
8143
5924
3522
6573
5623
7325
1962
996
7914
5301
1391
4965
761
2651
2697
5537
5455
2747
6338
1300
6351
5935
4080
275
7762
7781
3687
7812
1663
6015
6195
2960
8031
3758
5947
4740
4267
1803
2537
1135
4944
1117
5228
7160
2246
7592
6968
3263
5598
1769
7260
7012
4288
4791
6270
6852
6549
267
6546
3349
7840
7814
653
5107
4008
5285
5350
5361
77
5087
5758
487
2783
3555
7228
4185
5407
3219
4569
2986
4685
2290
3296
5187
3853
7995
7103
2422
3019
788
7907
1103
6170
16
63
6481
686
5008
4864
4754
60
1854
7670
5056
6029
1522
422
5258
3534
5406
3168
5867
6092
1016
6449
1254
8097
1666
3993
6410
4695
2406
5234
6233
6443
6196
2016
5151
3610
7931
6610
7823
3334
7832
4347
5156
1190
2688
6530
1810
5532
4646
2208
6722
5400
1745
434
7365
5212
2034
1614
3195
7544
2857
2467
2491
6522
4920
67
2941
2995
5722
7647
3247
3871
7301
679
8074
7775
2415
3705
5497
5129
1783
7343
6587
6542
8061
4847
877
2458
5446
7212
2499
4235
7378
2026
7178
7332
7708
620
3715
571
4463
5417
7742
6135
3517
1422
2735
2283
4654
2341
908
7115
659
6508
4745
3294
1521
4339
3572
4454
5956
224
4671
5462
1901
991
7088
2852
2418
2625
7845
6194
7864
189
2496
1083
7454
1113
961
5969
4595
3948
902
721
7394
8170
4606
6575
4223
5605
3339
3528
5051
4883
5789
4084
2463
5639
826
6721
7539
4780
7687
7222
875
4764
3101
7003
2329
4832
2632
3838
7203
5578
630
5837
4337
3772
5310
1778
7797
8126
1943
5626
3430
888
2689
4969
6441
379
5753
2169
7230
6132
1698
1100
815
1938
225
6302
5652
4326
2838
822
1021
738
3000
7128
7183
2682
7496
6145
6583
7072
3864
1773
6236
3124
7958
2990
3068
939
766
484
3144
8098
2472
1954
5055
5883
692
760
953
7414
3122
2448
3083
6188
2811
4224
2653
7580
6053
2495
1990
557
4062
4839
3786
3041
4721
1787
708
2298
6814
4102
606
3637
580
4725
252
7399
6255
1750
4029
1625
8100
3214
2339
2527
6580
818
1805
2881
1328
6705
3776
7202
6136
4378
8045
2678
6793
511
229
3455
646
1659
462
3173
3541
4248
3126
5001
3293
1050
6286
6500
925
5978
2541
7943
1563
54
7430
3325
3751
3711
6935
1824
4792
5861
4310
2966
4453
7307
1540
1699
7704
2809
2759
7029
6863
5597
1544
3031
4287
3955
5931
3298
7933
4607
8024
7254
4087
5987
268
8042
6734
7049
183
2642
6473
3834
7684
6590
889
4510
3323
3874
4981
6760
861
2070
2427
1515
4312
2126
1661
1364
6054
1287
7669
7666
4285
4586
3261
7428
7335
6516
3415
1649
4547
849
1536
3839
5395
2528
3880
5021
6317
4128
1437
5988
4490
6345
3725
972
2486
1664
2967
5050
6662
4056
4757
5451
8070
6813
5286
7900
226
1768
4632
7810
310
1700
3848
1040
6440
7744
7404
3907
5888
986
4755
6780
8151
4136
5185
6908
2951
4298
7143
3178
5298
6252
1231
2069
805
7602
5394
1764
234
4082
3634
6817
504
1957
5538
6069
5426
1302
5546
2658
5580
5593
758
3633
181
4000
3309
1416
1130
806
7583
259
5670
6459
8032
4750
4191
7053
4214
4950
2825
6661
7627
5194
2935
4515
3026
1281
6499
2307
7355
6043
5689
3767
1145
1642
2594
3790
1215
6826
6502
4033
2490
1871
1792
2012
693
2731
2973
3059
3763
2386
4114
1932
3473
4614
3815
2018
969
901
4272
7171
1821
5540
3699
3677
7517
75
2473
7263
7610
4775
7929
7787
404
7519
7074
5064
2962
691
1862
883
2623
3733
5184
6724
917
4633
2502
2092
4741
7640
1572
5845
5054
2968
7718
6048
3321
5892
332
6329
4931
1086
40
5266
3679
6466
2656
7166
6728
5454
1866
4005
7481
5763
7898
5577
6963
2509
160
4664
1339
1274
833
6607
3645
4201
31
2270
2462
3978
4176
6011
4171
3262
6933
2786
6175
5853
1771
3779
5719
2510
6358
6154
7683
4886
2834
4479
6585
2416
6442
3510
2326
3311
7625
4048
1026
365
2221
6959
1633
14
7673
1684
5155
3447
6730
3829
411
7889
3644
7090
2447
4970
7209
6058
1800
5210
5420
3401
173
6268
7633
5179
2710
2492
5878
101
1342
6386
5352
2313
4730
7844
2421
2047
4566
5611
1971
7675
1909
5876
4032
8091
2771
6169
6262
2957
2972
3347
884
6294
4630
6017
6800
5732
53
495
1238
7526
4788
7509
4179
4265
2197
3109
2617
2878
1520
1155
3795
6320
8158
1766
3548
2255
6241
3507
4604
6498
8159
882
5955
2900
3617
4409
1449
384
6394
5635
7499
4480
5648
4415
2969
1762
136
2353
2577
3908
1259
5810
1236
7937
4395
6153
3218
6305
5862
639
5111
1465
7421
4892
4009
8166
7556
3621
4051
2504
4111
2017
2437
416
1945
32
1495
5157
4165
1820
2945
3616
5840
2666
5757
2265
6398
1411
4820
7622
7
5711
7033
3052
1163
3976
7838
6370
6374
5531
1911
6805
4856
4297
1344
6625
556
2228
8034
2671
5693
2454
5002
6086
3934
6673
5371
3940
7169
2449
3245
2102
2603
5115
6846
1062
1139
5553
7377
1770
2925
7271
1182
497
6928
4906
4294
2605
5254
6148
2805
1196
449
3082
3075
6827
5644
1574
3412
2639
1658
6584
4599
5954
2456
7921
1635
1688
4017
1402
2587
7100
1535
4996
5730
7198
4565
7508
3638
3165
3650
510
7795
1443
3299
4656
1084
5485
2220
6143
5363
7470
6242
7961
2839
4943
8088
1311
6191
254
1217
3694
4855
6077
4036
2279
178
5831
43
2269
3273
1719
6259
1908
3822
4222
7416
4422
6854
2480
553
4413
5241
4673
1503
5576
3739
5328
7999
1093
4216
7887
4533
5792
1358
992
7624
7654
3487
2452
6014
4135
7188
4217
3598
6322
403
3200
1930
6266
3106
7359
6886
4053
2369
6263
7068
7890
6184
631
3107
3398
3761
2131
467
3661
4459
5365
3537
1670
6450
1134
7525
6486
5548
3044
7345
2006
697
7010
4495
7728
1089
7305
3476
688
415
1242
5925
3589
1595
1497
2464
6490
5909
3544
2562
2547
5628
4016
1165
3881
7960
2356
3540
3825
1689
3842
7205
2366
776
37
3058
1616
6383
7234
4348
4817
714
6943
2921
595
1576
7691
1716
3901
5145
3674
7473
2217
366
3823
560
2687
5118
7947
5767
3274
4001
1647
3678
3467
1494
4233
4478
4776
3158
582
1121
1812
8133
271
3426
5787
8077
3594
1065
6541
1058
1980
423
7912
5334
4306
2479
6883
2963
5678
7064
7954
4075
6316
7582
5506
6197
4904
1052
5372
7858
3672
4177
7285
4807
7272
1350
217
6117
6432
1603
6647
7766
2493
7874
668
4063
392
5340
4818
2083
6257
5747
7098
7119
3115
121
5799
4582
603
3509
3708
781
316
7296
1589
6708
340
1301
2150
444
1922
2882
7018
4580
1406
8038
283
1890
1144
6210
2417
4134
3454
5718
2229
7006
5627
7990
3554
3743
2767
2525
4990
1230
3924
6368
4215
5159
7802
430
4035
1149
3252
2286
7770
7872
919
4873
8048
3835
502
4484
7902
5904
3981
6552
4768
2335
79
6462
5984
3206
5316
5097
8084
7140
7440
2191
1447
7034
2343
6523
4440
1341
425
4446
2728
2135
1629
3762
3953
295
1290
287
6558
3492
1935
1610
4410
5734
6752
4256
3105
7800
6564
3535
1723
1600
385
2405
5504
8138
535
5448
10
5385
736
1775
2262
7626
6306
7711
6074
1471
4104
3675
2364
5397
2187
3807
246
2635
7019
8136
8072
4618
4826
2741
290
7367
874
1318
2813
1237
465
2763
7248
5654
7570
5976
4976
1580
8066
480
7464
5942
469
64
6772
3387
3971
3243
7589
7210
3445
2579
3493
5153
2190
6917
3202
4986
1330
6574
109
4804
3429
7447
2571
3260
4655
4206
1978
1448
5003
7731
5564
3300
4508
5843
1387
5938
2792
414
683
5229
4301
5113
1018
106
211
5020
1207
7206
3663
3116
7388
6535
5614
2315
7063
1751
3452
4244
5382
5265
5717
729
5475
1043
5
4803
6219
3855
1321
3860
3406
5440
7805
7096
2715
681
2365
7883
7434
6536
6830
7313
1811
6782
1940
146
5325
2207
5186
3371
6297
7118
6680
3844
4477
8057
672
5431
137
5632
2704
2002
401
1456
3212
6340
6384
7240
2893
5391
4560
7389
6087
4576
4600
4465
4156
1809
1582
3655
2848
820
4483
1408
4361
3128
3986
6034
4962
7498
5920
3889
3391
7706
6426
904
2919
7925
4426
6532
3688
2993
6779
5695
607
2670
7292
6376
5117
6027
6878
2864
249
2523
7174
1271
8033
5375
3404
3130
7821
1655
8028
4575
885
3676
2916
2618
6190
6385
3384
911
5175
3183
2489
4327
1413
845
1527
7696
2154
2959
6055
2440
6487
93
7782
4112
3120
3520
4092
1206
5528
5609
3683
303
665
6507
119
7373
7926
2538
4805
399
5230
7134
3984
7455
1920
1779
7737
6178
7630
2764
5044
2804
110
4897
7219
3951
6920
1780
7689
6966
5425
1024
667
5649
3376
7289
4573
7274
4115
6755
7021
6904
3224
6753
88
1080
1573
6434
2748
3037
6707
3379
3036
5842
1607
1612
4774
1903
1210
7745
3502
140
7020
4328
2004
6704
1741
7058
3097
1685
3150
3752
2908
5557
1285
6488
5349
3625
3381
3446
2947
2306
7218
5124
7145
4423
4958
804
999
3740
7543
4399
5983
4657
7615
2441
5337
5381
55
7401
591
1331
4368
1366
2851
2984
5949
4925
6127
3221
3892
6080
4568
6353
5403
3331
7514
6732
6193
5043
6303
5280
1804
4846
6475
6654
3918
4733
6062
1697
524
6110
4953
6026
4689
5887
2213
3888
1112
3382
2091
2170
491
7945
3833
1444
6307
4949
6421
1977
5584
3682
2382
6437
5378
6563
84
1273
1979
7549
7988
7966
7077
2333
1343
1872
58
2095
6460
6250
4318
927
3337
3366
7472
4829
8147
6937
3972
1245
6997
2946
4987
2801
4184
1755
589
1889
2195
8018
857
3816
2392
351
6343
2506
8105
5826
2409
649
3913
5854
2435
5549
3251
6059
2899
240
3482
3658
4229
6750
7467
1450
6438
2553
297
2739
2090
362
7679
1566
8093
1510
873
6112
3416
4377
8137
891
7815
4819
2924
1798
7893
8112
7071
3704
4393
4935
6448
1224
823
2453
5472
3670
192
1849
3459
1193
1170
4355
2560
3002
8075
854
8078
515
2714
4763
232
6874
7650
7047
7777
1733
5123
4918
4709
2289
952
228
8160
155
4951
2153
4251
3222
3283
6461
7368
7167
1870
5684
1077
6094
4554
5318
1555
3335
5173
7162
3495
4346
2485
3065
6226
2344
7979
2459
3232
2396
852
3184
35
8167
1251
1295
3285
8101
6568
4980
1707
4523
0
196
4605
459
143
92
6600
5691
3257
2361
4270
1400
4963
5495
4681
5144
6433
1807
2888
7057
1025
6489
6829
6950
6265
4186
113
5643
1634
6801
7082
8006
1373
7500
7729
461
5476
1452
5995
3139
4451
5967
4734
6556
7152
887
3378
2524
3400
1198
5541
1829
7934
1926
4100
3990
6232
6299
2239
916
3421
3324
112
2729
5121
4098
4341
7884
6115
7816
6514
3788
6682
4867
1047
4266
2734
5516
4280
3271
7537
3876
6644
6237
7557
1672
1011
4335
7369
3700
6794
4481
2045
5554
342
1362
1349
1840
2305
8079
96
71
5461
3640
5702
1825
5761
6260
3394
4460
5620
6696
3485
5491
2443
6231
4540
1541
4254
7093
2798
7136
7326
3440
1396
5296
336
2750
5893
2184
6222
5260
6746
7194
3329
6858
957
3353
4531
1125
4872
2263
2088
4408
3783
5191
4623
799
5772
5450
406
3241
1380
648
6540
3859
637
5765
6666
2345
6218
4049
6865
420
5360
6880
7848
5828
1177
1714
2554
1819
7052
4060
4834
6363
7794
6066
1968
15
8135
1835
4238
5240
1091
3014
810
6847
3289
438
3578
4526
7110
5086
4933
5759
1176
779
3080
6921
3277
1481
7513
773
4207
7233
5661
6079
5277
1218
6811
2816
7139
2136
3140
1929
5543
7533
791
3886
858
4052
1578
3417
2182
6249
6002
6339
5224
1618
7449
7201
3749
7249
7981
7448
7364
1023
7408
4879
2749
120
5330
7817
3008
4269
6667
3157
4713
343
4770
7830
913
7861
3947
6988
3601
3883
2275
3846
378
5688
4694
537
7083
6321
3612
7489
76
6104
725
1533
4878
865
4262
466
3958
7027
3169
5489
5781
3369
2336
1631
7927
5891
7073
3556
960
2679
6560
5041
7888
4018
6606
8153
4050
6581
6346
3312
7314
4299
2280
2438
7839
8054
3821
4971
5745
5302
4620
6513
327
4504
8016
938
3849
5903
6211
257
2148
3773
1249
1445
7390
7011
948
1280
946
2650
4097
1718
1055
4798
4450
526
915
5507
4153
1284
7859
719
770
7123
3966
7385
5658
642
789
7894
6669
1511
514
6096
5866
5081
7909
1623
380
8150
4086
7095
5518
1377
8122
3016
666
7506
4502
1227
3336
154
6504
7677
5709
7157
1141
3278
8035
134
6819
2570
235
2774
4900
28
5486
3171
2582
2822
6593
4139
2906
1857
2247
1644
1525
5662
431
6100
1965
7381
3549
4687
828
516
2996
2273
3104
4396
5917
3832
671
2051
6254
345
6457
41
7665
6713
3491
3903
2322
1982
1239
7048
347
2989
4133
3345
4286
3411
6910
5694
4293
5109
473
272
5508
3631
793
3231
6932
7091
424
2757
5150
1225
5238
5355
2800
5870
3079
5991
6451
6623
7707
6229
1359
5797
2377
2979
3545
2829
4649
7982
2142
7658
4350
6898
6588
5869
5877
2420
4794
1844
2478
3269
2611
1998
3279
3326
5268
5466
4784
5307
364
2934
8128
4651
6900
5946
2686
5473
2874
3982
4232
1874
980
7475
8059
1501
581
1567
6961
547
5069
7989
6775
19
5493
1673
3215
3952
2432
7075
3538
6862
7967
2853
967
2133
6655
3233
7531
4696
662
2209
4743
3684
5573
5790
2949
2784
7663
2545
706
7331
2633
2636
2104
6439
4366
7738
5321
29
1694
4444
7545
869
4622
6494
6395
3622
2810
825
1622
4234
5168
602
4936
562
3167
3737
4518
7951
6927
6085
2568
8173
1353
7705
3013
6980
2975
1816
1553
7623
5252
1985
546
3442
7186
5035
2994
7437
3045
3935
4898
5724
3207
6483
2394
6627
6467
6822
2434
8119
7940
6741
6261
339
6020
6405
1211
177
2176
1705
1969
7976
163
7804
3732
20
7436
6974
1838
8004
812
5618
601
2854
2129
5849
5092
2162
3043
4461
1548
4336
6567
6446
4119
6072
4436
2383
3064
2071
1208
7754
4585
1138
3414
2118
7688
5850
5675
4648
4302
1961
1415
5007
754
2168
3523
1401
3089
633
5479
4827
47
7747
5147
6205
2585
6120
1744
744
4432
3129
4718
4417
128
3780
6591
239
6579
7208
1326
734
1090
493
4118
2245
3047
4045
3161
1919
3906
4650
498
3081
4230
4476
4773
7690
7964
1073
1269
847
1788
3092
6895
3792
1539
5735
2991
6924
7813
7520
8041
1264
3191
5074
5038
7779
4982
3193
457
1832
3149
4979
7756
1064
3091
372
3003
2430
1414
4485
5555
7268
4621
418
7769
4602
1906
8182
5785
3817
1030
4457
6799
5245
6389
2586
7973
6840
5582
5599
6617
5591
3033
7348
6505
1258
5739
4941
3526
1640
1372
3714
995
7558
6803
6107
1592
4470
7752
374
1201
1545
7578
623
3831
567
7656
1246
876
2943
3370
6714
7035
4507
450
2705
1041
664
3060
179
5034
5771
7530
5219
3306
4659
7397
5167
7356
6436
4130
1518
831
4967
5209
7237
470
2063
2077
463
104
3205
4594
5966
855
501
3070
3799
5736
382
2484
1864
5701
5681
1440
7662
4147
2144
330
600
7984
3716
7144
5703
2646
6501
5026
5120
6879
6073
1859
1438
3194
4343
7575
5281
1873
5478
7036
3067
3228
4282
2532
6201
4389
1010
3040
6285
4938
605
6572
6245
2791
5801
7522
2820
1075
6538
8145
4371
519
3647
3885
5180
1001
274
5133
87
3341
1639
6253
5667
7565
1131
6622
288
4356
6618
651
3462
1442
6823
521
1818
4137
2022
5204
1781
3525
1049
1577
3804
5274
956
7396
2952
2649
293
1355
5960
4954
900
941
1367
1175
3812
1133
5283
2010
4394
4168
7563
159
7353
1069
4385
3182
4342
5963
803
8140
678
4329
1609
4513
6337
285
7241
6969
5865
363
4174
3288
3372
2776
3841
2999
5137
2706
609
7402
2171
4096
2576
6158
4466
4247
3999
3769
4789
5897
2234
1834
7536
4278
4571
5698
6142
976
6025
2637
3461
3891
3030
5418
6493
115
2738
4316
6809
6174
6788
6264
2097
238
116
231
2873
2134
6566
1794
4767
6203
4563
5166
3192
4688
4639
7114
7994
5829
8177
7403
1918
6301
968
4511
777
6212
3573
782
3939
5242
1277
1617
300
6491
11
1830
4142
6887
2530
6679
1913
6641
1213
3073
1627
2332
7621
291
4559
6173
5895
6209
3237
1845
7418
4493
2380
753
2557
6867
6810
5913
17
369
5300
5435
4488
4284
5973
505
5766
658
3818
7031
1017
638
2067
5344
2837
7197
5706
2676
829
7050
7946
7720
1761
4161
251
5750
2638
3899
139
7617
419
1162
6223
5977
7983
2608
5207
2468
7949
1099
5287
7124
7276
5447
1748
4034
2381
7863
2772
5782
4570
7135
8190
1234
1668
3596
6520
3875
1552
5045
7216
5445
2423
1195
1166
3438
2166
68
4993
6105
3957
772
585
886
7986
6691
3303
4810
7668
1793
5396
3389
7604
7739
7764
1365
8125
4701
1887
6703
6798
6964
2258
7680
5200
5126
2399
7168
5248
482
5921
2038
46
7069
6021
5653
3181
748
4281
7701
7877
5049
5315
2426
577
641
2754
2475
2902
2769
6375
7146
3250
4373
477
4517
8180
2790
3636
5094
7546
5149
7410
4737
4719
7773
5384
4292
5073
2407
5677
568
3577
5088
962
2756
1137
3922
6056
2296
6613
6762
4149
3463
4407
4870
5813
5915
622
837
6454
6403
3865
6841
2970
5535
6334
8149
6281
3350
690
436
1784
2354
5383
4158
4635
3229
6769
2125
7882
7225
2533
2046
2368
6633
3897
1939
5313
1327
5205
4744
7727
5619
354
6463
4678
7695
7200
2349
1907
6243
1561
5494
2387
5822
7056
6976
5481
2127
3423
5267
5456
6859
5261
5587
7242
2025
3847
3604
3819
3282
4849
2815
3056
2875
3063
751
4360
7338
2413
1628
6698
7721
5965
1831
745
7395
2856
3727
2701
7609
499
61
4875
4425
6776
3313
1981
7380
7193
7270
6452
2474
5172
4628
6907
2655
1428
2760
7079
5471
6765
4380
3774
1696
3728
1605
4283
3613
6739
4374
1335
5588
8142
5470
2766
5612
3759
5500
2826
6726
1739
1504
2248
1895
6978
2271
930
7279
2787
8043
7521
7258
6615
2821
6816
3368
5299
3408
549
5408
2119
3781
5687
897
7339
892
2702
4642
6848
3317
4210
4625
3170
550
4738
2481
3472
4295
4182
3024
5042
4577
6571
4808
3147
5961
5527
5130
2324
8067
3377
5256
1395
6445
2193
3995
3996
7042
5458
1936
7928
5836
2753
2483
4742
4059
3160
7534
2657
5057
2861
42
2630
7646
7149
8165
6828
3607
1713
7223
4172
7796
6942
949
7713
1308
6938
8058
2762
1988
1513
4514
6103
5293
6949
4888
5581
7469
1209
7067
7151
368
3912
299
866
4926
5311
95
145
4418
7685
1375
1276
6415
7712
1054
6594
4634
2751
6684
2086
6325
5065
1128
7587
6326
4934
479
3118
3307
2146
8099
7826
7980
5911
4797
4668
584
5104
2371
3464
3872
3217
3803
5430
6700
1126
5024
3963
3695
5686
5239
4851
5514
6751
2230
7161
2703
592
7867
790
7657
1220
6401
2740
3964
4667
6994
2358
1056
5636
7092
1337
6382
7953
2867
558
4433
4769
1189
2620
3131
918
8047
5638
2871
2143
3583
6605
1851
1715
663
3054
1464
7252
6280
7054
6833
2348
6168
7535
5571
5052
5656
8020
6425
1989
5551
3308
2224
6424
3956
6422
5624
7366
4162
3950
6719
1680
1463
4416
527
7150
2340
5103
6767
6495
5231
367
4561
6694
5189
2264
4221
6476
6130
51
2752
3504
4143
2814
1828
4146
7290
7801
4091
4322
763
6725
593
6931
5529
2072
2243
6001
5090
3489
655
383
3125
1305
4027
4895
5459
4239
3102
4509
643
1706
705
3175
7107
7450
286
4150
2694
4972
1991
677
6648
5402
4572
4226
5010
7865
7346
528
2529
3090
5415
6872
7911
2903
1070
2391
2163
7913
780
2093
3201
6774
6348
6838
2667
4166
7620
1763
4458
2932
5807
7991
985
6868
3845
7542
1046
1472
5141
6277
1958
5682
7511
2122
6298
1417
5748
636
2249
97
7415
243
4579
2105
5820
3962
2870
6636
5369
2355
4340
98
1260
5512
428
7182
5641
1048
7503
4067
2059
6631
5940
4669
6936
7740
4720
4835
4369
3142
2644
3954
6919
5389
1105
1076
594
1747
6763
3240
1492
4626
6310
6797
2212
8076
4932
6063
1550
5906
3942
4948
4998
4227
4522
4181
5096
7099
3046
2106
4544
7553
1057
6702
6899
7761
6089
6632
468
304
2569
3989
7347
5091
5288
6646
699
5559
5379
1168
3686
2717
1898
5996
356
7189
218
7791
7977
7593
1066
2677
4778
4612
4889
5262
1279
1467
5919
2323
2672
506
6589
1827
1815
321
2037
3505
2511
3338
2268
2634
5517
2911
7852
4874
2128
409
99
3784
6916
756
7753
3304
7693
4202
2429
3375
6975
5146
7605
7215
6455
2669
1776
4532
6208
