176
2293
2921
2023
811
1399
2286
91
2577
2467
124
1627
444
93
2745
1017
878
816
871
149
118
1695
1851
1389
697
2105
1255
1301
175
2057
2912
866
1053
1719
1142
223
617
1195
1952
1692
2365
2056
1361
2886
1011
2750
1340
74
605
3019
2483
3059
1403
801
2470
2261
177
748
1310
788
1262
366
2055
1444
2053
2353
102
630
957
1532
238
2899
248
290
360
1766
218
2694
2249
1357
1583
193
1792
671
2850
2916
2434
2334
1915
2280
2437
572
477
2373
1986
2051
2168
1885
1079
1082
1202
2763
2038
2709
1576
1380
2818
2957
827
214
1422
624
2555
17
1493
1248
1677
2427
760
1091
1834
1388
276
2403
1826
2029
534
2479
198
1849
399
1174
1119
2929
659
1417
2315
2425
1047
527
1594
2503
1902
508
2537
2954
654
420
500
616
2144
2445
1110
675
541
2942
2003
3052
1175
723
25
436
1046
592
890
2381
1062
908
524
1914
2408
1707
952
1400
157
512
1612
1050
1443
729
2414
2719
510
796
1131
549
2796
2317
370
450
1485
701
2557
998
3064
886
1660
2110
310
1614
2906
1414
779
873
1512
35
1615
658
2892
2846
2453
833
2488
2744
2394
1652
1411
586
2924
800
662
1581
2446
1534
2481
2704
2304
576
2963
2862
1406
1697
2148
1043
178
1367
373
431
1323
1334
2295
3045
599
1409
202
924
819
2242
776
1120
2933
2648
2894
2325
1268
1312
2420
1790
1556
588
1212
656
2951
1435
2329
1059
2764
1307
186
2572
1484
2674
1404
357
742
2988
1875
54
2642
731
829
50
1508
1472
2191
1295
893
818
1480
1049
1199
3022
1840
411
1358
2097
2292
423
2989
1504
1526
922
2152
3056
2369
2603
939
383
525
51
255
1223
1054
116
258
2748
2367
2680
1787
937
326
832
1481
1844
2822
18
2610
1010
855
1265
1970
413
2903
1649
1038
34
1477
1796
1611
1721
338
207
2400
1139
942
1971
2793
830
1870
2985
327
713
3021
2810
1165
476
313
2094
716
485
778
2779
2473
966
2657
3044
4
2944
222
2106
235
1877
718
1531
2723
994
3028
1947
2738
1502
2185
2368
502
31
319
2449
720
1579
2986
381
2584
2687
115
638
521
956
2466
189
2676
3008
1555
117
2399
2920
486
1590
2880
2539
1925
3041
1528
2046
307
2098
1835
587
3065
2658
2667
166
1118
528
1702
1725
1854
3005
766
2908
2257
812
1204
1342
1088
2120
1144
902
1051
1326
2953
2207
72
174
1319
1330
1287
1817
2980
1482
946
225
2520
1791
2772
468
2965
759
2691
63
737
429
1155
1041
3062
2565
1515
2265
315
2513
136
1306
1135
1634
105
888
2970
852
2221
749
1813
920
1985
2842
2461
2840
532
1158
1808
1570
1682
1862
1638
2754
997
253
1603
1382
1057
2447
645
408
1978
2290
2602
2079
1215
1133
2438
1014
529
1374
1442
1451
2873
2752
1559
2948
974
2139
1280
475
719
625
2800
591
386
418
1561
78
1678
899
350
179
1749
2590
433
58
950
1196
2004
165
397
2465
1591
2135
2267
2767
904
674
3002
1455
1958
2279
579
2318
1899
1980
2401
2945
2994
960
834
24
55
562
2233
443
2326
912
112
1064
457
142
341
850
2389
1172
2925
1571
2310
1623
1959
1587
931
2646
82
2252
1786
3
2395
1983
2799
1127
2244
2591
2927
1903
2956
1863
802
2926
881
158
2549
1892
1132
1125
794
1953
2419
2255
2634
3047
2063
2664
2024
150
1170
2000
482
934
2529
1644
38
1292
2015
2433
2917
1362
1436
231
1807
1346
332
1659
1449
1384
835
2340
1619
2088
1469
89
669
2320
2735
2190
1965
1156
1424
1018
1104
600
947
181
1220
969
1876
2865
761
2195
2187
1242
608
1670
2439
14
41
2560
2972
2172
2012
449
2686
632
1140
1878
111
282
1510
1945
1718
2380
2578
2761
2442
1299
2319
540
626
412
2230
2349
2724
120
1650
2289
1928
2708
167
1852
3049
1492
901
1313
1453
1558
1134
1386
5
79
1006
1070
33
1843
1929
1723
1035
1166
2009
1369
1021
1002
2543
3038
1239
2558
1425
575
583
763
863
2054
2341
1003
1429
364
1040
2440
1511
438
472
316
900
2396
2324
1507
561
743
543
2487
1020
1460
2512
2074
494
2379
2811
2458
1838
1864
1309
875
978
1520
622
2145
243
2118
806
1355
747
439
2070
2961
2305
3009
1256
2824
185
2020
2898
2644
708
2519
187
699
2236
1083
2859
30
2076
425
2598
636
2259
0
1496
1008
2018
963
1440
2121
1497
355
87
1273
581
1997
2993
1737
1517
1245
542
3060
867
2821
2175
1090
935
785
1799
1949
1418
1691
2300
1667
1527
1117
2697
396
1519
2669
127
71
2611
2113
2813
770
2568
478
1518
2831
1916
1710
1858
183
1722
694
1946
2087
2760
490
2979
84
2256
513
1372
2163
515
2456
909
2383
1448
2240
2430
2960
2298
2729
2770
865
979
95
767
1413
1408
1578
1203
2184
2371
2095
1890
2641
20
1683
1456
1147
1689
2863
2140
68
1873
1673
1499
1662
2142
2814
452
1260
228
1302
404
1820
298
377
2411
125
2083
1136
203
3023
2268
1832
481
1193
1564
2084
2562
240
2490
1599
3066
1012
1001
1419
2189
43
1705
2005
2515
419
2375
1360
566
1822
1068
2119
730
163
1937
2955
2682
172
1553
2815
2703
2773
627
682
2226
810
1907
1589
610
465
2901
851
2101
2504
2791
1585
249
1278
1143
195
702
2661
971
2679
2541
42
1324
1772
134
318
2742
2314
1476
2330
2564
2457
3069
1755
3068
1712
2651
2536
2316
2085
1595
324
219
2026
1625
1522
1206
113
1651
2524
1116
706
92
2288
861
1586
882
1078
665
2219
1123
1489
1487
2103
1577
1246
2913
2847
2707
1027
1304
2747
2930
2884
1768
2451
1596
569
372
241
1398
28
604
392
696
2736
2284
1107
308
1267
2561
752
1757
86
1344
2500
2878
1167
388
1567
2220
2946
246
1151
1604
427
1016
640
2416
1336
2141
559
2348
1514
1210
606
2835
1716
983
1033
140
2895
1183
2571
2650
3017
2825
2138
2939
126
1363
2643
153
805
2227
1452
792
430
2336
365
2362
2775
496
673
849
233
648
1548
1977
2354
681
2104
2296
2579
690
2016
2130
455
1893
284
885
1748
2915
2528
2911
787
2523
1092
2690
37
1827
1552
1432
815
1628
267
2654
2477
1905
680
221
2567
2817
1857
2589
679
12
1557
1177
1572
2082
2385
1258
170
257
839
897
7
2297
520
1974
1720
374
980
1593
1940
2262
1282
933
2771
2585
1798
1219
813
2188
1347
1560
1100
1401
858
2655
704
1506
1205
1886
367
574
2378
251
993
1815
2008
499
205
595
1608
1681
651
2999
361
421
1927
2287
1186
1770
1332
546
1333
733
2511
2967
3061
440
2499
2552
2136
2843
1060
1390
1410
753
639
1285
1955
2739
3042
2550
879
552
1032
2593
1229
1464
2093
77
1911
101
1000
2157
2096
1761
2673
2740
278
2357
695
1824
239
1700
1906
795
1096
1973
991
762
348
447
2060
2717
1801
1365
1009
868
1276
568
3027
2471
744
2337
394
2594
2790
346
2307
144
2670
2838
11
6
961
325
390
147
1475
768
1524
1782
369
208
2176
2844
2896
123
2149
8
2869
1056
1263
2372
1741
2720
1261
1328
2129
2237
2013
2496
2186
1284
2542
1830
331
1865
1658
1279
213
727
2857
2700
1960
964
2415
2489
1466
1948
83
1998
295
2384
459
493
2036
97
1932
1486
379
1370
1235
709
359
2668
1494
661
3014
289
2323
94
2374
1804
401
826
1015
2069
1071
2035
1122
2613
56
2883
1550
1391
536
2534
2216
2158
990
2418
2783
2117
64
2017
99
2870
2405
841
2928
2250
945
345
1395
2902
1680
2281
2132
2710
3070
85
2705
1639
660
2125
1266
618
929
734
2299
2485
2377
1022
1874
1115
422
984
106
3058
1160
3057
2635
2507
432
1030
1044
2934
2535
2943
1544
782
554
2114
2580
2622
1883
2209
2621
772
1439
1573
732
2358
2582
351
2271
2803
2900
1421
906
1853
1733
538
2737
1311
335
580
1405
270
1850
2936
1161
191
514
1636
2361
2198
2546
320
537
848
1934
2159
334
1574
60
1631
1281
1052
2137
2768
32
2805
2826
2616
1984
1185
173
573
1688
840
2854
1169
1459
2789
1238
90
1081
333
1197
539
1783
2346
2215
1402
1894
2855
2630
1004
548
269
328
2228
301
3033
3012
2021
2133
81
845
2609
2759
2210
1729
343
1349
2143
3029
1327
551
2757
454
1089
3046
1536
571
2339
2366
479
565
1592
2402
451
758
2918
2392
1371
3015
489
2910
304
545
2556
2620
1620
1917
2338
1672
895
634
2521
1675
2147
951
1509
491
2043
2819
2689
1189
2845
519
2871
1736
188
2692
2306
1715
1765
553
2647
1521
259
1930
967
1823
582
1836
1918
1427
2548
1354
1630
1811
949
2848
1194
3007
2443
1271
1747
1274
884
1530
2177
21
854
1099
3030
1684
799
2126
456
2127
2675
3053
2484
2837
2801
2048
212
2995
2455
2702
1023
283
1378
1396
46
905
531
3011
1598
2756
1920
2224
892
2688
578
1626
2599
3001
936
1503
349
1759
2356
1600
2827
1632
615
2544
1941
67
2531
1664
2525
2581
1075
2998
1616
1431
2058
2808
1554
2235
61
692
2178
59
584
1987
1264
495
678
128
2782
2081
2107
1795
2836
159
2976
441
2450
1381
2278
2108
2765
2987
1317
1696
1629
724
2321
470
162
1788
2629
156
503
371
2174
96
3036
1124
1924
843
1192
1663
1222
1232
3025
698
1866
2563
2208
2351
2199
1423
110
2638
442
484
1225
2990
199
1157
1584
2923
1094
1606
824
3040
1805
1624
1293
1335
1272
1407
1351
856
2893
288
2645
2468
2376
1868
2522
376
384
649
2517
1961
1491
461
2685
2254
1291
1290
1498
637
1350
148
182
889
2258
1797
1896
1859
2424
1693
70
1397
756
2386
1345
2607
417
2784
1549
1648
1939
132
925
985
3004
2179
1433
859
1900
265
996
474
1880
232
1488
230
2867
2150
1217
1846
941
2116
707
1992
2596
1991
1458
2919
488
135
765
2575
299
1462
2631
2841
2991
1067
2164
2833
2983
1171
2532
1178
1752
2444
2388
1775
2272
2332
80
3031
2044
593
2303
1731
1701
2914
2092
2001
1218
2274
784
3055
789
982
1501
119
263
612
2932
1777
1543
2464
2505
1637
619
2583
2931
2864
2804
602
1685
2940
1735
211
777
256
2364
2
1394
2982
1102
976
721
516
954
2574
2469
340
577
1999
1904
2743
3050
2733
1298
1921
1767
1856
2370
487
1420
426
511
1780
842
229
689
1931
1750
2693
2984
1989
3039
1479
2068
1179
200
2202
1031
3034
791
3020
1742
1495
2684
1525
1368
1153
2494
2868
164
2981
1129
2275
2154
2493
1566
1923
321
1756
880
216
2964
2716
2282
2155
2769
1019
2264
2677
1063
764
1668
1321
2974
473
1774
2037
1732
2355
2441
2091
2553
2781
1809
735
389
629
3003
1359
703
2128
915
603
1845
1152
1743
262
2502
237
2429
710
3032
2238
2570
2112
2410
2234
1249
2659
2996
2678
294
1505
271
910
2725
2973
1976
204
2204
1734
73
1314
2749
2992
613
1296
1325
416
2206
1669
1758
196
1867
1982
1913
2977
509
184
1781
275
2665
337
236
1288
2100
492
197
380
1869
192
1007
2194
977
2146
2888
1392
2649
2941
953
2115
2809
1773
928
555
1080
751
988
2452
2217
1597
2006
2592
2606
49
1055
261
1563
62
1994
2246
133
1933
1005
293
1613
1837
717
391
2151
1471
1825
1224
368
3043
684
700
1150
1184
1833
2072
1764
1964
1305
414
504
2795
387
1058
209
353
98
2890
48
1303
2794
823
402
220
1516
2153
2173
1315
2751
1990
330
322
2211
1366
1478
1962
740
342
1208
857
2239
1191
445
614
2247
1211
927
705
2007
598
2193
596
1450
1793
1101
2732
1671
1114
22
2636
2816
1533
13
2601
2382
1200
76
685
1523
2624
594
129
1241
44
103
141
2852
1694
15
306
1412
247
352
2652
2393
693
1447
1690
2730
264
107
410
244
1784
1025
1113
550
1259
2551
2495
1148
1240
2322
2905
2431
2031
143
1711
1341
1988
1168
2788
1483
517
2741
860
39
1546
1751
809
1353
1233
2755
2266
2774
918
989
774
3016
1164
1545
358
1605
2161
1434
1163
769
1565
862
1228
2711
2882
2409
2045
1188
1818
1216
650
1860
2681
667
1098
2312
1039
415
1254
2656
460
1234
1213
847
846
2472
1026
1294
2407
305
2605
896
1086
722
2625
2938
2406
1337
2491
938
2834
10
245
1957
466
853
403
395
987
375
570
1714
1289
970
736
1329
2327
876
1635
2273
2958
2683
999
303
36
2167
623
2595
2540
1468
1467
750
959
773
2398
1785
808
1935
1744
309
1728
286
903
817
2698
2726
1095
1871
469
2526
1657
1470
926
771
1569
2270
2196
1286
2978
869
2971
2071
1028
2089
2839
820
2170
2086
2937
2573
1601
2968
2969
2881
1575
831
609
2586
161
2463
1105
1738
458
728
1500
1745
1320
2156
1244
2950
1072
2062
2183
1887
975
1763
2285
428
621
2695
1373
2701
362
266
279
864
2109
1013
1936
2766
1884
2090
2335
2627
2639
2866
2786
66
2527
2872
533
2475
2587
1069
628
2180
1713
635
1322
3063
1352
3054
1045
2454
1810
2722
3071
1201
3067
677
347
3035
1162
1981
53
19
3037
291
224
2269
1538
1754
1972
1542
712
1746
1642
2637
2123
2162
1895
821
27
1909
26
663
2829
1318
2879
2435
2134
1535
1779
1789
2618
2359
2714
1654
1881
2050
2623
506
1828
564
1993
828
1794
2052
121
714
1356
501
1393
1180
973
745
1138
872
2626
146
464
2509
2099
1
1640
437
2569
1872
292
2277
803
434
206
252
1111
2245
544
323
1829
1926
2404
2806
3010
2311
2131
1415
2333
2715
2040
2229
1633
825
1490
1842
944
312
2344
2200
642
647
378
955
1097
2778
2352
2165
2608
2538
1568
1610
409
2506
57
1454
2309
2223
2780
1145
1137
1463
2875
968
958
23
2291
2197
314
943
2807
1975
567
877
2966
354
2124
405
1149
1074
2909
2849
1888
563
1227
687
2417
2600
1739
797
948
2853
393
2792
2032
2019
1230
2614
1963
281
1383
52
2034
356
1802
2413
688
1666
2785
1190
1085
272
804
657
620
152
2777
2308
2201
1943
1270
2497
2160
597
145
29
226
1269
1891
227
1703
683
557
2047
590
1379
1951
1087
2797
1387
2727
1416
2640
754
453
2897
1819
1686
2243
2181
1277
923
2885
407
2713
3026
2851
480
435
2904
1717
108
2718
2533
1084
1800
1048
611
1816
907
1687
2566
2663
1908
711
1950
2028
2776
894
217
1541
1112
2232
2067
1513
260
2225
1042
505
2222
775
2876
2171
2166
1607
2423
887
1655
1126
2111
1243
1252
633
2248
329
2498
2576
3000
190
1547
1209
114
69
1910
2628
2182
1831
2962
1457
995
1214
837
311
497
1618
2959
2459
1912
1430
498
589
1339
2554
1537
1529
40
738
585
676
1646
2436
2231
65
2102
1580
234
2387
2830
344
655
668
2426
2820
2753
798
1146
2922
363
2889
2696
2604
1622
1806
201
1154
2059
2486
2597
1919
3051
2787
296
2762
530
2010
1250
2041
215
1173
898
122
1308
2508
1128
1724
16
2432
2887
2734
664
2301
1996
1037
1708
2706
2391
280
741
666
1814
2169
1966
2448
1073
836
2802
448
2952
2213
2192
2518
1855
2746
2205
1726
2653
844
2662
2027
1609
940
1847
1385
1551
2731
2025
1582
2482
2877
1121
2478
2632
9
2002
653
2360
1441
2077
535
138
986
2474
154
2042
302
398
1938
2214
2283
2861
2253
518
194
2075
652
2856
2390
1645
109
2328
1445
921
1103
1106
171
2672
100
1803
1944
874
1237
2588
1473
385
2203
2022
1426
1029
916
911
1882
1182
1428
2251
781
277
254
2422
1760
1257
755
644
1077
547
607
287
2547
1762
641
1187
1922
2421
1231
739
2516
1968
1665
2699
406
1446
1176
285
1879
1036
2545
522
556
686
558
2078
88
1066
2397
2559
2615
467
2260
180
137
1942
1602
601
1108
160
2514
507
2412
2501
1331
1109
3048
1130
822
2758
1753
1769
2302
913
45
992
382
1377
155
2049
1375
1821
715
1474
1699
273
2858
2492
424
1588
2949
917
786
1778
462
1704
972
526
2014
1901
3024
1300
1297
2721
1643
1461
3013
2241
1979
400
1141
169
1437
838
1848
274
919
725
1676
2039
1198
168
1076
2350
1065
1812
1898
2363
1338
339
2510
2874
2671
2030
2065
2660
2011
2073
883
2061
1364
1841
672
560
131
1207
317
2066
670
463
2122
783
1061
47
2617
1465
1839
780
746
2712
1889
1024
2480
807
1316
2860
104
631
646
1679
1236
2331
1771
870
2619
336
210
2823
2080
2313
1656
1438
1727
1093
1706
1348
2460
2975
1221
914
790
2832
1698
1251
2947
2212
2666
1661
2276
2997
2218
2728
814
1956
2828
1247
130
1253
471
2907
891
643
2462
932
2935
1897
1539
757
1562
1621
1954
2812
2033
2294
1730
726
446
139
1181
1861
75
1776
1226
1995
1647
3018
930
523
793
1674
300
965
1967
2428
250
3006
1617
2064
1283
1034
2345
297
2891
483
962
2342
2530
1376
1653
1969
2798
1709
1740
2263
2612
1641
2343
268
981
691
1275
2633
1159
1343
2476
1540
2347
151
242
