282
1853
1992
1180
544
1964
525
1093
1039
278
531
1399
1325
1996
1014
1264
224
318
546
789
729
1448
1731
802
977
91
1719
1269
86
1188
606
1092
468
266
148
974
1401
585
992
954
305
78
528
1831
1810
3
854
1988
1359
768
1214
795
995
852
967
1307
1826
16
199
813
1976
513
1303
898
134
1634
1365
1514
2046
1487
236
1447
319
1825
1243
765
1805
642
1775
339
1317
1657
987
79
1010
1517
1353
1435
634
1617
617
1663
363
1068
1088
338
1511
715
1371
645
1668
553
1690
527
1096
805
2017
151
1545
71
197
1098
1729
1056
1172
604
887
1486
1411
674
1981
332
1726
406
340
435
1300
899
1684
1415
1482
1495
1677
1117
576
1228
1234
180
867
306
1467
1564
165
467
1432
1679
540
1066
380
371
1745
1808
95
983
1969
873
450
1561
1930
1227
442
1190
816
1725
1360
140
1271
1137
551
849
159
322
1737
1876
1631
1025
577
2037
139
1494
1132
939
1886
25
1499
103
280
212
1935
1220
1182
1848
1082
701
524
1972
200
241
1648
1550
238
624
1699
1868
247
361
1440
1428
794
1524
1712
1979
1787
775
1640
725
1493
2042
537
491
1413
1967
1669
1289
5
1735
1143
812
1751
1692
1596
104
1297
1332
2005
1821
673
114
84
1609
1456
759
1591
1510
1962
1213
963
1507
912
1139
1410
1006
1608
1933
600
866
172
1398
761
872
1986
1430
1903
217
1924
2024
8
268
58
1442
448
820
927
579
1159
400
933
87
411
913
1823
283
365
1266
0
397
750
342
1685
367
1535
110
1927
485
860
1116
1738
947
1314
1055
105
1226
1444
1
1141
1408
1783
996
1860
882
1483
926
932
128
752
1216
70
372
751
509
13
797
1635
628
297
908
810
35
651
500
748
1285
1949
1552
1045
12
1896
1377
327
1386
177
343
457
1911
351
550
1920
1280
1945
825
1925
209
1937
1452
190
1114
1392
1824
1477
1312
310
1910
20
1998
220
1009
1356
713
1046
1024
108
126
526
387
1324
1666
1936
724
398
580
988
871
1191
1851
2040
1568
284
734
1713
1393
649
1954
1340
1509
1836
827
223
1776
824
1772
1231
1209
1977
561
150
272
1434
1747
1593
1203
1797
1127
1358
1230
1882
1187
195
82
2027
393
639
1319
403
1680
237
1305
801
1871
738
710
653
575
1952
416
1544
1592
535
75
1373
1292
956
1178
1468
1999
1326
1990
717
555
1073
707
1288
1696
270
686
360
1796
603
543
1449
483
484
204
776
213
1995
181
1800
1290
1558
521
1441
1152
1144
1466
602
2041
1894
1327
1052
1580
635
2007
1389
1543
1948
706
1944
1905
1709
193
130
2036
1080
1942
621
917
45
1888
201
1087
1277
869
766
133
1819
504
1516
946
235
1423
55
174
858
693
355
1361
739
622
249
1534
1346
1367
683
427
1676
1412
122
1381
916
1417
661
1030
998
1480
210
1900
2004
1852
896
1211
1994
1147
47
595
1236
1643
1785
433
1238
791
692
1075
1913
911
1109
746
1714
732
1875
1970
643
451
1193
716
1727
2014
1291
1833
14
1932
1051
1407
2035
1691
2047
1298
333
822
1895
1201
1718
846
554
1662
1154
1496
479
482
953
56
323
616
767
1293
1845
1743
855
1140
948
823
69
1958
389
1683
1828
934
320
1123
838
928
493
1097
1642
60
1809
1090
790
293
460
1148
353
1219
1599
419
1383
166
1048
1508
783
569
1647
382
1208
1847
287
1118
1578
1607
1654
1598
1678
728
847
67
819
274
1460
466
1364
430
255
923
1540
131
990
423
1947
1503
856
85
1730
138
1437
38
73
735
840
2011
43
426
171
1481
1549
566
299
1260
834
267
1026
1655
385
1223
81
348
648
1124
1820
691
1355
239
29
1665
596
1856
959
1898
1453
1943
599
780
52
1240
879
1384
495
301
712
1594
101
966
1799
1813
1769
609
487
364
1175
875
708
1624
1242
772
1282
1940
829
366
461
141
1863
1659
225
10
421
121
511
409
615
1479
562
1574
726
1822
1012
100
969
1620
2039
1614
1372
703
1246
556
1656
1470
245
462
32
1955
1463
1855
1446
1562
33
1433
1033
1268
781
835
1704
502
646
161
1287
354
1794
1672
1196
961
173
709
2045
940
83
1455
1770
127
1982
215
1233
1885
1053
1331
394
1396
631
1192
370
1299
1181
37
760
1835
1622
447
64
552
1004
848
1254
937
548
1919
1058
309
563
1084
1076
1530
919
903
1771
1548
478
1515
669
1205
574
80
722
888
627
973
414
1843
538
1258
1889
149
155
530
1015
1705
638
1368
1781
328
718
1923
1789
1177
1273
582
1804
1316
1257
330
583
472
670
418
1960
655
1235
124
1474
1610
1733
143
2033
1613
1059
1811
1348
532
1557
1582
48
40
1953
1832
700
1600
1350
1274
1113
1938
182
1780
158
522
399
1764
1369
1376
529
1931
1806
378
185
652
800
334
1844
1645
41
1551
1385
594
432
778
1700
170
629
232
1161
1790
1650
1521
1204
857
817
261
1854
597
362
619
929
944
480
291
1419
610
1798
1697
1406
1265
868
1638
97
420
1488
1301
584
1872
1272
1750
27
1567
1879
498
77
1571
1625
1296
1579
1343
62
2025
92
1759
1318
234
1375
345
1915
344
1171
470
146
503
1000
1966
763
1664
1189
636
743
1842
1760
44
189
975
473
1829
960
884
481
1695
753
745
1416
117
112
36
1974
375
2012
211
659
614
325
520
1880
1074
1686
978
685
762
1973
1011
1469
1167
1758
2009
1904
914
970
1541
384
2015
1559
388
7
1693
994
1247
542
383
559
89
1492
1818
1512
518
1890
422
51
826
1089
1688
1588
1603
1232
952
59
168
1681
1439
1504
401
949
1838
1122
991
315
1985
1032
1505
1916
666
1005
429
404
1748
859
1807
1708
153
2021
630
1793
704
39
1151
1168
1555
573
578
107
250
1623
774
396
895
2019
539
1091
1169
2013
1450
1475
771
719
1862
415
489
253
257
533
296
410
1310
244
682
1812
1229
644
733
1195
347
601
1200
699
1604
1907
335
1989
263
1476
811
1611
1734
1194
1311
2010
1950
779
34
1445
1136
1761
1827
830
1421
1707
1038
169
373
1370
1276
1721
1021
1119
828
1081
1102
1912
1526
1736
144
757
28
1003
804
1409
545
1918
359
2022
1978
1997
2020
1874
1255
965
1108
637
1529
1173
1248
154
1044
889
883
1777
837
1768
1086
19
1017
358
922
1062
777
243
63
6
1792
702
346
1164
836
886
1520
1197
1241
572
1573
935
1597
1405
1839
985
1589
337
505
1047
428
311
1472
1221
1532
57
1104
1281
459
1040
1130
1336
742
221
999
93
251
1762
1145
379
1042
2029
1461
265
46
453
689
664
392
1251
1457
1105
1485
758
694
874
276
1179
1605
2018
796
741
465
1765
754
65
1632
690
316
782
809
413
11
1732
720
1694
938
681
1176
66
1106
1779
258
1262
1553
377
425
1414
1723
1063
475
1131
641
892
494
731
162
1438
191
688
455
770
1050
313
1283
1278
1983
1150
1323
1859
1345
1115
1001
1184
850
492
1746
2031
1149
1054
1682
1390
870
1753
298
792
464
152
893
1313
942
259
443
1427
989
1315
326
15
271
1244
1008
2034
1245
9
1716
1957
386
381
1019
968
1802
1873
2008
163
1595
1049
424
1294
1100
1519
1786
137
1539
519
1256
1763
1583
1901
876
506
1035
1462
1129
194
654
1166
607
1902
26
806
477
1946
571
1333
1263
407
1991
1601
1275
1837
240
1224
1471
445
1418
53
984
1606
408
1670
1028
1980
684
1939
294
1279
1120
915
1850
471
536
226
1031
909
1454
1928
660
737
205
1302
18
1572
1908
203
1174
1352
1652
878
1041
640
971
1284
1646
1701
678
1749
2038
839
1661
308
1362
1633
755
439
350
945
277
1739
402
229
1870
1043
1160
864
260
721
88
2043
1185
881
198
785
188
1618
1993
1587
1403
1215
1308
1893
275
1158
1153
982
474
613
256
906
1295
658
1304
676
979
183
1518
662
176
1929
1887
1857
1490
476
1459
178
179
118
1565
452
1803
1380
951
1566
1458
187
1207
1752
230
943
147
1984
930
590
214
1354
233
115
281
1186
1547
1658
1864
264
132
1846
1956
962
1163
668
1724
303
656
254
972
1641
679
591
557
1756
1473
1121
434
803
799
633
1202
42
1497
671
1782
1138
665
863
1881
865
677
831
842
292
368
96
357
54
2002
349
1007
1815
1963
135
1884
1072
1156
1443
417
587
807
390
106
891
1581
431
76
1968
1675
116
1941
581
1858
1286
463
1975
523
288
2044
324
736
1560
541
605
1877
286
1698
206
72
1651
1382
851
907
1342
1788
1538
289
1720
697
1253
1500
680
1525
160
1706
1710
885
788
1965
510
1183
814
1128
986
894
1590
1817
714
1849
588
773
441
2
1644
976
1744
23
626
549
647
1575
1914
1767
1926
1349
910
1878
49
612
262
490
1107
1016
845
246
1094
793
1212
1584
1388
1814
1126
902
508
862
1619
1078
1778
1570
1921
113
1687
1436
1621
304
1134
300
1585
496
1404
764
2030
99
1502
1099
469
1660
632
1225
1478
1951
1742
1501
657
1917
486
1422
196
1222
1649
1142
786
1344
1740
1586
1637
391
1429
1037
1252
698
376
1865
1755
515
273
142
695
1157
1259
1363
2032
1522
1506
667
202
2016
1249
861
22
317
1431
1077
1774
620
740
456
877
21
672
1959
534
222
444
1883
1198
921
1329
1306
1722
1840
2023
1671
547
1899
1971
1071
1766
918
1834
1717
1531
123
1020
1111
61
1210
1379
650
880
438
336
98
227
744
730
2028
208
1237
1841
216
1451
175
1484
1528
1125
997
1689
1400
285
586
1079
1816
1576
295
1577
94
2003
1491
1757
314
352
412
815
560
1703
1784
1391
1861
1909
356
1339
120
618
957
228
841
449
219
958
1616
1112
1322
565
1103
395
507
321
931
1170
109
1402
1023
1773
1639
1711
589
1239
50
167
833
787
1728
302
125
1536
1961
904
608
184
164
1351
705
1801
1217
1067
369
1602
1537
512
1335
1754
1424
269
1337
1013
145
623
1934
1309
2006
1002
1465
307
558
1029
1061
727
925
1533
501
1261
497
1628
1523
1673
437
192
687
119
696
1341
454
1546
993
920
568
564
980
1869
1569
129
157
74
1741
853
1627
24
2026
1378
749
1022
924
1830
1653
31
1330
1987
1146
1629
1626
1387
1328
1527
723
832
1110
570
1065
341
1866
1489
242
1101
1420
1556
30
1366
1321
905
1034
1064
955
1036
1357
331
1563
1674
312
747
1338
663
111
1667
1250
890
207
1795
1027
1083
593
1612
499
17
900
1347
440
1095
458
675
1702
446
248
186
1320
711
1069
1135
1715
941
1267
405
517
1425
756
488
843
1513
1498
1060
1162
625
1630
1133
1906
514
981
1397
784
964
1542
1554
374
897
2001
1018
1922
1165
329
1464
611
1867
1334
1206
936
1199
1891
1218
90
818
516
102
1426
1374
1395
136
4
901
1897
1394
567
1636
290
279
798
156
1791
844
68
950
808
436
598
2000
1070
1615
252
1155
1270
1085
821
1057
769
231
218
1892
592
