153
327
36
497
171
1203
1455
1340
422
1416
741
288
169
774
330
137
370
1368
756
485
887
1296
35
1277
499
736
534
1327
870
390
335
1049
45
522
277
340
595
1523
1362
1383
120
395
91
1104
289
1421
1342
443
231
1027
332
1023
840
1141
204
529
796
1359
689
92
463
205
803
1072
1158
1256
573
64
416
1013
1300
1311
135
1095
518
919
620
1169
450
146
1468
1495
299
714
467
578
865
57
873
558
397
709
731
216
1412
1460
487
352
1065
219
1400
617
912
668
832
217
244
999
1332
365
1254
609
1086
1121
150
728
641
885
575
369
1307
1111
1219
19
839
483
928
1161
1265
355
872
1347
392
1331
732
268
1299
598
804
631
1380
202
858
223
925
560
769
1457
643
39
10
1469
328
759
342
229
1088
322
929
913
1520
145
296
931
431
730
1336
29
651
768
97
962
1020
417
853
687
1222
376
1236
1522
1099
715
727
1349
265
614
1513
208
882
1529
144
412
1087
52
1428
394
1227
784
1176
475
401
540
1278
1106
944
993
1250
864
512
1124
1321
920
225
323
557
577
1318
136
1021
309
1463
1047
1313
830
532
1462
510
597
722
828
691
825
1434
234
1170
182
658
38
95
1420
122
681
1230
1324
845
889
1062
379
1335
696
683
666
788
1119
827
494
604
489
341
264
1320
980
1040
60
436
1059
72
346
1246
156
1405
867
974
1186
772
224
286
123
810
1353
1301
381
525
1377
923
1467
295
877
1112
789
462
991
1199
1080
1487
1258
664
272
409
1409
55
1151
425
457
1364
189
859
1271
661
170
367
177
1414
1269
793
911
1454
1508
914
1093
228
613
117
1038
1204
1427
114
751
749
119
1063
442
684
1521
426
1008
1361
1033
179
1355
1438
185
1490
645
1395
476
702
1084
866
319
1046
1334
639
1352
509
1424
111
1316
1196
662
93
336
1502
1430
1208
1475
798
958
533
868
765
834
655
1419
245
430
1505
1403
292
209
553
373
112
977
633
967
678
1157
313
1329
875
1167
255
1235
694
566
314
1201
761
124
1068
203
1241
692
61
230
460
1225
892
817
495
596
1494
493
270
1156
572
790
847
1228
1525
1212
329
1243
753
1162
569
415
657
630
1096
1205
41
1139
539
281
932
165
1488
580
1425
881
1016
56
1431
1175
1184
587
193
354
520
659
1382
1114
551
844
242
902
1048
996
979
519
1067
502
747
1471
815
1387
665
1317
1532
21
777
1408
188
1268
1389
786
28
251
567
849
677
486
250
221
1189
1133
890
740
1280
1323
748
1298
407
197
227
1142
66
544
1070
178
757
505
1120
1350
1153
915
916
1266
676
846
673
1310
461
638
96
207
490
997
1385
642
214
363
621
184
770
618
1413
337
1287
1448
907
829
547
1045
559
138
470
948
1514
1064
389
857
537
321
474
1341
14
1071
698
53
1481
1437
1069
325
1444
543
634
1328
1261
602
720
68
615
1039
307
420
1215
348
986
210
121
331
249
1182
351
934
33
1245
628
745
1101
1108
459
646
918
527
562
555
104
563
1109
0
141
372
780
385
1060
706
781
1026
1091
128
163
850
1330
418
782
195
1015
1461
1195
855
821
1183
1367
275
258
719
1082
157
149
926
942
998
874
969
1224
260
1456
1002
1426
1519
710
1388
424
667
439
956
361
1285
989
344
903
564
1097
315
1432
1202
1188
25
924
1452
895
1369
652
301
797
54
616
1365
1005
1450
837
936
601
81
284
1006
308
421
235
653
82
4
1357
1373
1453
603
1288
940
610
811
660
398
9
1489
1479
1165
965
1240
1079
1248
1531
990
1030
1123
707
1472
585
220
1146
1004
1160
813
98
271
287
484
262
1128
115
561
1117
894
16
693
1232
852
1474
647
1339
1314
1397
506
464
375
1206
380
175
517
987
1435
1191
1510
118
627
1155
1251
1511
1498
1297
1238
252
734
496
1392
1014
1221
23
957
51
1381
34
1003
901
619
232
953
625
411
622
814
723
1345
970
49
583
1223
1166
1147
632
1507
1090
1411
191
1075
893
968
1210
1517
530
8
822
1476
291
324
886
1192
1441
541
488
671
1127
1470
700
305
528
972
685
754
508
158
570
656
1252
1
1518
438
172
1050
854
1164
1410
406
1302
206
1319
988
293
441
959
27
127
302
1515
1132
582
851
87
269
843
600
1001
106
73
1484
1197
1056
876
84
37
133
1231
771
1177
1406
434
1226
200
253
1398
776
246
663
1035
1257
1293
263
1152
1113
703
523
62
809
498
623
1055
1163
1115
1007
589
1308
350
190
545
1429
358
1105
1154
1032
446
816
285
1253
626
1415
1305
1379
239
435
1058
453
22
427
30
871
792
1528
531
985
785
762
428
382
129
605
1053
90
635
50
900
447
1303
67
282
672
396
58
1272
862
374
504
1260
1073
1089
334
143
89
1449
1375
1371
930
695
688
388
1262
808
266
142
549
836
70
513
976
492
992
908
48
278
1126
1276
1019
71
1458
469
1370
568
1267
737
1516
6
300
455
1214
15
949
1506
742
675
1264
410
164
711
938
591
139
1209
294
588
1417
1499
1351
391
943
955
456
448
1100
860
994
1273
1344
1168
629
927
240
387
11
267
713
107
1145
63
1304
326
125
393
198
1534
1274
201
74
1138
238
712
1125
1384
78
1289
805
1526
173
763
1036
159
1122
194
1193
160
1404
320
565
274
909
1218
1135
215
88
880
399
166
1190
43
1233
690
162
554
167
181
1107
1259
364
1134
102
648
480
1418
983
746
704
303
109
1478
1136
952
831
812
1054
1391
674
356
1440
721
1118
1286
593
180
607
83
384
1338
1423
884
1306
176
1174
1220
917
1443
1445
697
1244
1312
515
1171
1346
649
312
760
353
984
1216
377
897
429
482
86
445
1066
347
1390
500
735
452
222
233
199
101
1094
192
1010
1031
682
574
100
516
1247
76
978
276
921
586
1326
1294
542
995
1034
1407
1290
536
945
750
131
130
960
514
1242
110
1025
538
1077
637
1042
1292
1496
17
1083
1198
1159
982
801
1234
608
69
26
1000
724
1149
404
606
1130
524
1144
1282
773
366
1451
134
151
18
174
883
779
148
1376
963
1255
1178
766
478
1249
1102
183
126
743
1283
861
1028
1466
247
1363
716
726
154
1322
795
290
1180
1524
405
670
338
501
787
833
317
408
24
733
879
612
378
650
433
981
1085
75
1181
1043
40
243
1110
819
507
951
5
838
701
147
1447
108
65
842
403
581
898
1081
1535
905
1325
1148
1129
261
1386
1485
1011
1372
437
491
863
226
1396
42
1239
468
1279
1172
806
935
481
1497
400
521
1442
941
738
1185
1098
1378
12
466
1477
848
343
1309
304
1092
1207
297
80
535
259
584
961
1295
213
1374
357
1436
414
1217
1483
1482
306
1057
13
1116
477
971
764
1291
891
1360
186
273
1491
910
1037
1509
950
140
550
1211
454
826
451
311
937
32
611
472
717
279
1052
196
132
318
636
896
1315
1337
1143
77
654
310
576
966
103
933
1473
708
241
44
116
511
669
783
155
345
1530
1366
954
624
758
1061
1044
339
802
79
1402
975
1446
579
187
1354
718
947
1140
556
1041
333
599
1281
94
465
1533
168
473
548
1078
1263
744
1356
1029
1503
546
20
775
1348
1237
1464
856
479
644
594
1131
906
237
444
571
823
799
1024
1343
47
280
888
729
904
1512
973
1459
368
1439
778
46
371
1284
105
161
939
1076
256
739
1527
383
794
1017
1393
1501
419
1074
1500
1173
590
680
699
841
1194
1394
31
1150
592
1137
640
1229
767
423
402
1187
359
59
248
1270
316
1486
1213
922
218
298
1012
705
449
85
1492
1480
440
349
1009
1422
386
413
1401
526
835
236
1465
1179
152
257
471
254
1022
552
2
800
824
1504
1493
283
432
1433
807
755
899
869
1358
752
113
458
7
725
1333
820
686
1018
503
211
679
362
1051
1200
946
1399
1103
212
818
1275
964
99
3
360
878
791
