7638
3465
14650
3558
13910
13466
1985
12203
5911
13358
12003
886
1481
7250
987
3151
10932
15986
7708
8658
5991
9596
11899
9093
928
15828
808
9868
15753
6444
8344
3940
2832
1457
6730
4846
5723
10569
4272
765
15230
12001
12255
3153
14622
420
4259
4385
15837
3256
4338
8127
7636
780
5977
527
3167
16309
14991
11822
11239
6489
5119
3523
12542
8225
5392
14861
8066
5412
3102
5874
8278
6770
13725
8494
5748
6014
12538
4209
8872
4574
14079
7361
14663
11594
4638
3006
15093
8957
15750
7495
11802
6562
2897
11992
4514
8299
6738
4473
12815
1981
9574
4862
8360
6187
5664
9044
1025
2646
12739
15824
16213
9745
2402
10221
15984
12208
7839
6506
2992
11722
14827
6743
9939
3327
10947
12766
15112
12142
5498
970
11337
16259
9520
631
11362
9813
1740
3351
4347
10065
10729
901
3941
4352
8838
4226
10503
15843
9608
2614
14864
5728
10968
12510
1725
15171
15278
7292
12237
15316
8016
13875
10884
6176
784
14108
13833
8550
15269
9383
14900
3136
4978
13467
14626
11703
12754
6543
16025
10711
9387
6212
5847
2747
13187
11390
15603
4035
11592
9047
706
8056
12187
13868
14571
12681
1074
1333
2532
12671
6304
5640
16054
11007
16198
3459
11177
8903
12256
13278
15019
2188
8185
11931
10418
3430
13182
4481
7120
9392
6953
208
5563
10427
4842
12638
14262
8988
10992
15714
4853
2427
11066
5779
3164
3385
10127
10070
10787
8231
10579
2456
2186
13489
7742
6936
15653
11640
8126
3695
11969
1497
4467
14645
7540
4636
10066
10036
9290
8749
7428
8280
5581
4914
7227
602
9812
15541
2974
12539
11618
5559
15203
10463
10185
5090
5397
12470
2744
3090
11817
3559
3572
3249
15207
10891
4782
7757
4899
3388
13697
4912
7451
15040
15604
8624
1480
15089
12488
11448
14193
14044
3752
1831
5221
9828
9626
9452
14621
1050
16222
8402
13748
15578
13101
11268
6898
12414
5760
8581
3241
2280
11092
13347
1888
10870
3944
4040
4617
9580
11323
12675
4221
12427
11908
15666
13052
6291
5449
13666
7471
8474
3239
7602
10556
16157
7923
5431
16241
2629
10533
4594
9286
6206
4943
2185
5336
11288
14628
6769
9186
12225
8993
2293
4219
3344
11671
10965
4410
13966
5788
2465
3968
12912
1201
13813
9535
9096
3178
973
15465
9737
6084
15555
4448
8939
1671
12210
9361
2161
13956
4866
2503
12315
8153
11377
4590
10032
1658
12716
11591
5379
9808
11883
4255
3668
9504
7439
13088
10769
7689
171
8708
8984
8251
1644
9246
11891
1028
10161
6833
4884
9493
9541
5249
5299
4995
7194
1091
11505
7013
4713
5698
13061
2855
1716
10229
5937
7991
3255
10405
11664
139
4318
5607
6712
2778
969
8496
308
1707
1988
2341
7522
1689
9797
15927
1913
624
10878
900
7833
13800
13325
1585
13899
902
2830
13888
11102
9194
3405
250
9550
4229
4898
692
10772
6865
5580
13037
9109
3231
5291
14023
15575
11769
13958
5872
775
5673
3810
268
33
5792
1865
2383
1335
9759
6178
10201
4664
1122
3038
10420
14975
9629
2535
4792
10538
15373
3877
3268
5222
2605
14935
2904
13763
5776
2457
3148
456
9762
15036
4445
9835
5632
10770
9026
11798
15904
1245
16203
13542
12396
11346
11778
7019
9673
2050
1262
1309
9199
9488
11704
10714
15095
13246
2394
75
4363
13903
14047
4576
8787
1102
14150
15122
14435
2819
5333
8012
11607
5194
8888
6683
4717
11322
4001
704
1454
3114
15954
14391
15717
11875
13540
7913
1175
4816
3133
11056
12619
13429
8136
1937
992
8356
16262
13782
16027
6395
5943
10656
2225
7473
8608
3485
11853
16069
14341
5292
4167
7747
11174
117
2658
9324
5030
5435
579
3890
8879
10095
16002
13799
12364
3518
13089
9171
8857
13038
1624
5137
1861
15738
11457
5427
5295
11695
8319
5954
13961
10238
708
6194
4260
3828
5197
9620
15408
11588
2600
2667
881
9091
2682
2821
7751
2331
13103
2066
651
15314
410
12625
15806
14757
14075
9532
13462
7914
12438
9779
12763
5290
8157
5163
6929
5231
4953
5207
373
9435
10178
7990
12662
9159
1160
14402
5569
13994
10323
1142
1670
8832
5045
11513
10939
7783
4091
12062
10823
13447
15679
1515
8904
5627
15175
16112
5993
13224
6930
13322
3073
4094
41
4435
6447
10089
3758
2263
11229
11424
1451
1130
16183
134
6871
12351
2590
10468
6364
6222
2301
2032
15790
5873
11787
16110
4896
13112
15067
1098
9163
11301
9472
3340
4804
11071
4750
919
11523
7426
1293
13428
634
3819
2746
10125
10684
6755
3916
6716
15765
14966
5380
740
12660
8584
317
14568
303
6800
4949
14254
500
11195
12774
14311
12336
6260
15013
12653
13261
14734
15898
4479
9151
3886
7073
9953
5522
12837
9115
9100
13408
11430
13781
14123
15763
15461
5423
8376
11946
15719
5278
4883
11293
7526
3896
14001
9469
14791
1107
15674
1813
14461
12392
12528
9456
2549
3524
12580
1455
4157
5394
14452
14032
8914
8933
2950
358
9558
10372
1108
14894
13600
2119
14798
429
11521
14469
186
1678
9755
16149
966
9783
14365
13638
15329
3675
8916
6946
2474
11180
6693
6037
11130
2375
15636
14094
2285
170
1272
11534
4911
5902
13102
2765
262
12357
13952
10826
9712
5294
4307
14763
6841
1699
5579
888
8702
1342
6887
6873
9260
14627
5638
15820
11106
2010
6366
11611
6293
13318
3768
6821
14636
804
14427
12888
13217
9481
5718
14063
6739
7282
10387
3599
10244
9342
2016
7108
9350
5571
8695
11807
4471
5128
10691
16212
2008
11410
1692
2001
9386
502
1278
2448
16145
4389
4329
12330
6523
11643
614
15083
3273
990
7038
4964
9420
703
11251
3591
10254
14408
4066
8715
13962
3051
12047
3403
16161
2247
15699
2529
3688
36
4704
3446
6691
5216
12770
10615
656
4463
12703
7081
9238
6127
7876
10885
1338
8746
11299
14617
1063
11863
11606
5628
14788
12037
8228
3170
4881
4927
436
12503
14783
1547
2074
362
7606
5866
13048
15264
6184
15677
2966
14029
1534
15166
292
11479
8955
7568
14198
9646
9144
10277
12515
1798
10813
1347
6750
14255
793
6130
15320
15498
772
4101
2997
12382
9807
2786
16081
3664
15248
1795
11655
11730
112
1663
9531
5785
6801
5915
4641
12219
1902
3982
16179
3719
10519
6268
3089
14498
3568
13723
13960
6467
13072
10586
10735
7468
1289
15123
1384
7340
5704
13863
6733
7160
10869
6978
7904
3063
13632
6152
13810
15216
12594
2710
3247
14120
6719
2471
224
10522
12530
1162
7425
574
4604
6656
2939
13907
7926
15437
13335
10074
1799
3501
12119
1864
11970
3848
14607
14355
9253
3966
9514
10274
11381
10967
1456
6071
15245
14060
3183
2393
11825
2145
8279
14028
12621
2750
10086
16264
7456
4236
9264
6636
8142
15817
311
1645
5667
3701
14896
2851
10192
8003
2882
10502
7567
9926
12577
14342
4647
6054
728
1
10124
7211
6225
11791
7809
5527
10005
3278
15530
14127
8141
12995
8144
13122
9349
3563
12730
1625
3979
9495
542
4606
3815
13587
4688
4285
13630
5167
149
10664
9291
15008
9241
11334
12970
16328
8782
6434
3564
16142
7392
14996
10325
727
2423
14467
8362
2167
4321
2041
10310
14586
1951
3525
15214
14305
15702
1928
6557
11090
7466
14859
10931
2663
13110
16326
14899
14241
7403
12717
8970
11626
365
14043
14088
266
3451
14322
7389
9235
8653
5307
15425
8717
1684
11532
7001
3883
5028
8531
2920
2046
3303
11864
14644
7710
13360
2199
5009
4390
15644
3774
2768
15536
14942
15435
911
12116
14702
13191
10808
598
1724
1940
12834
9010
1824
16138
8427
10023
8790
16287
9698
15209
8607
10903
10689
8206
2755
713
12457
8737
11422
12684
7666
11190
5348
5192
12690
12265
3962
13455
967
12290
6504
16176
8325
3491
12348
16072
16075
2730
15183
4228
7888
12322
8310
6599
216
15198
2512
9272
14968
1326
16284
2028
9993
926
11653
9161
5855
2171
4317
2728
486
108
3645
1211
2644
3444
2384
11156
7232
9417
7075
15410
714
7784
7753
10488
14594
940
1286
2800
13000
13143
12826
267
3515
8396
12343
7654
1460
7938
6108
7964
6335
10562
8146
4461
8862
14730
3744
12981
12919
3849
9954
5799
1751
9277
11680
12885
9621
14266
12646
1603
9478
5561
16000
6831
1938
14949
4202
8489
10220
16297
5335
10292
9184
15641
93
3536
11302
7431
11942
14130
3434
375
3717
10382
4955
340
6039
9057
9792
5013
8014
2475
9589
7863
15343
8148
2291
16305
5663
6943
15652
5732
6408
48
3971
13370
12358
6804
2980
15613
10462
1023
9771
9400
6642
1963
1188
4669
12312
11252
1306
15327
3238
10152
1076
12182
4326
7164
4315
15128
14840
6334
13479
1649
7493
14030
9645
5568
14183
14950
5220
3024
6991
10692
13451
5085
6311
15605
16356
1636
8006
11926
3224
5754
13662
4286
11609
14493
14507
9893
14290
9619
1752
16330
13522
4595
7327
2335
86
13274
2288
3452
4910
14764
8060
7272
2067
8475
11711
14190
12674
167
6485
2297
5878
5405
15519
3909
15443
11020
1762
16321
16293
10273
1770
12567
3194
15548
3899
14916
7246
1814
12924
11250
14672
831
6238
11135
5710
16282
5474
8004
3382
1791
2153
11996
15980
2289
2385
10862
6462
8035
9414
14910
5012
1733
1349
11707
14771
12945
11950
6927
11143
14400
1472
12743
2557
13678
6006
9556
6624
14992
5135
6877
8302
1428
153
12413
15621
4269
8941
14999
11452
14682
11112
2868
10682
6692
2111
13268
14291
3279
6507
4037
10455
5000
11814
2113
9677
15690
6205
5747
5145
14688
9639
7977
3294
462
3630
9179
2220
12591
3541
9058
8522
5767
11828
5287
5842
13908
1439
15598
3703
675
4687
2617
14987
4938
12002
5556
4365
7300
1755
5390
10490
8308
11811
5419
14025
4840
5054
6659
13925
1544
15544
310
14273
5410
7283
6606
15669
13282
4548
1840
10498
6321
9793
5424
11545
3924
9169
14711
14766
1507
7718
13964
12398
4723
12435
9650
12214
1729
6643
15301
7503
9911
9731
127
11025
100
16368
14739
15152
8176
6512
12115
14495
5056
1413
8816
3743
13458
3798
3438
6987
3349
11877
8869
4538
14046
11528
109
3783
11357
5882
6726
5351
51
552
3483
11440
13454
9203
15660
3262
15951
5205
9773
3836
14856
6511
3441
13396
13866
14731
5544
10648
10696
13376
4965
9008
5697
4537
4527
12240
2279
389
4405
11270
14345
15978
5668
11172
3031
15139
10368
10396
9288
8112
1011
3107
5305
4155
4470
9571
3057
12849
2449
4915
1533
13646
906
9688
7307
15899
8339
1796
9692
6041
8261
2610
12700
2126
11535
2349
4920
7970
1788
459
6761
3922
4097
6641
9672
15359
15170
5703
15696
13465
5533
5619
9357
5313
2908
8837
6424
8853
1261
1698
15350
6838
328
3154
15710
12175
15143
1935
12907
10437
2613
11209
1545
783
16194
15299
14226
4171
13951
7051
8748
1717
15608
12083
15238
3881
13520
4028
7559
11574
14381
7460
3374
12476
2491
4299
15273
14678
1862
8844
9122
937
9363
3718
13503
587
13900
11990
2135
13953
8051
14436
2434
14726
15149
3104
5714
10487
15142
3684
12362
2917
872
16141
10459
1954
10355
5429
9738
7524
10456
4860
234
13267
4837
5742
6637
3574
5957
12844
13124
828
5869
9476
2543
157
6210
10704
3803
8568
4021
6350
3001
1961
207
6915
3929
1746
110
2996
8252
13823
8243
460
12956
9699
8070
5955
253
12925
12514
8326
7810
8622
15793
3202
15379
16359
7862
14753
15448
3343
7352
15830
11076
9050
3812
6849
7034
653
6301
603
8668
4422
11238
13342
3377
11985
8385
7494
13870
9309
5610
6760
5820
8849
12990
14390
12708
14416
9503
13364
6251
1749
1440
5778
6207
13970
2114
7702
7450
11768
8387
9345
8585
10118
12231
12101
15752
12821
8304
1014
1341
15176
7652
7191
14738
13645
13930
4643
9552
6662
6724
212
4722
15897
3393
2619
4613
1024
10541
5616
9890
4673
5808
7657
13355
1720
13607
7461
3952
14485
8995
14533
14854
7803
7138
13880
7954
1249
11690
12853
5745
3313
12933
659
1387
13528
381
1957
2657
13999
5144
11762
11520
10657
14165
3983
16010
621
11474
14850
15105
10943
8617
4411
1943
13053
10906
15878
9491
6003
11400
7695
11254
1704
4374
10439
3943
15237
4932
10436
10246
5225
7265
10800
14598
7785
10443
15606
14197
2132
7171
15529
3550
9212
14888
1553
15361
3084
6680
10321
11284
10402
14537
1267
10044
1018
10114
1461
11486
2945
1748
2624
16347
6518
9609
11633
10188
5896
2468
11871
5514
3571
6159
5951
3682
16173
15471
7906
798
14309
12087
1505
6981
6949
3168
2775
935
13095
11386
3605
11790
9582
14169
10386
16133
5548
9817
895
4170
8613
6912
1377
2627
2759
4078
189
6377
5200
10821
13969
15991
14115
13323
825
5370
10227
6040
1311
1557
15963
5148
13785
6964
12856
1060
5962
9259
12227
12049
8621
3678
13971
1372
12253
1228
10680
13844
12561
15943
10430
12698
8600
7353
8083
676
8618
13011
7823
15195
3218
7518
7690
2916
2633
809
14505
16233
8233
10920
5123
7724
4731
166
13049
10214
14575
5885
4502
628
14851
8678
4578
4116
4680
9851
2412
9845
6445
6496
7273
2948
1758
12034
15066
913
10081
10630
11848
10466
3647
9035
125
4240
114
10198
14776
9372
6446
2679
8011
7707
7601
625
15549
7269
7715
12425
4779
13431
946
15589
9895
9829
1367
11678
9883
242
12877
6469
4968
11011
6768
10958
5073
2919
506
11332
7997
9752
1280
13154
12694
1825
9003
9533
5839
4353
3387
425
8890
12721
3914
1396
616
6373
9627
8896
6126
10897
8785
14875
8883
15813
9923
14225
3801
2688
1029
14584
3609
14963
12066
5843
8239
13427
9177
15971
91
14744
12897
2367
4459
13485
4531
7569
11890
6011
968
5695
7168
10107
8975
8369
3076
12953
12063
16037
8794
14785
3225
5459
301
11558
3033
14567
3864
11408
11363
3487
2179
5157
3552
13514
14680
9065
9302
14437
1601
8548
1385
14723
3829
5589
4011
10841
10103
14985
9283
3504
6109
1364
9040
6218
430
14221
7126
12520
16244
14054
13885
2762
6613
9758
15807
12402
12706
7532
13684
11612
3841
11661
9316
10334
8829
8710
12797
6385
14526
1685
6598
13814
15872
689
1611
10068
5825
4593
9585
5623
3032
7877
13581
13883
6190
7672
4185
7819
5229
3414
10322
4738
7074
3852
11961
4945
11522
2580
13296
6155
3214
16253
6337
14158
4107
7148
7975
11876
3872
7472
8059
13805
13270
2042
3939
3276
16346
4342
7770
15151
7723
11647
13828
12715
12096
376
7825
11605
6492
14041
9919
3124
9099
13403
9232
11166
336
2757
14635
10858
1895
16169
1631
5029
14800
4791
14136
9432
6168
1532
12422
10946
13250
7597
8990
7683
13777
11401
4758
12455
8954
3253
3145
769
9656
11536
15855
6237
15524
15140
11615
12554
1728
1236
2653
10741
450
11297
4377
14257
10573
7620
15027
9610
5354
2876
12260
3617
13505
11403
2567
13683
4239
7950
15338
9226
1657
14472
13531
4773
6660
12787
13362
13395
7280
8303
7152
11793
5038
8726
10148
4304
4117
12071
8705
12959
8218
12088
13797
9135
15068
15302
2812
747
1959
12835
13712
5789
2430
13573
3325
6490
15472
5960
10667
9654
6016
13351
9579
11681
7791
15086
6868
1852
9129
14433
12404
8260
2060
1305
8017
6495
9134
14833
8529
4743
6666
10584
3503
7022
1778
944
16094
7070
9657
3818
6830
11923
529
3471
5819
14142
1406
13128
4237
12172
9855
9506
11343
15155
4370
7530
1427
7117
14451
15324
8804
10521
102
10861
12997
4665
11176
15085
5939
4191
3900
1237
6466
5223
15160
14488
15788
16043
8611
12226
7060
12551
12952
14830
11872
10343
10031
4629
3287
8458
7497
10629
10218
1578
6030
7565
5184
14223
1419
3912
6948
4642
2738
8909
7587
6757
9178
10168
441
12012
6951
15380
10208
3807
15414
3707
6649
15794
3034
742
11105
11438
7098
12896
5813
3496
15588
8329
13854
5969
1978
11428
3328
5601
6687
8681
2348
2482
14373
2098
14117
3103
9424
14779
15523
9814
8932
2330
5931
12478
3366
15922
453
3892
4946
85
14277
1469
9625
1016
6595
6823
14078
2386
5849
9451
1400
3967
2057
12546
8690
1600
979
7564
7099
4222
287
10756
6368
13604
8936
8905
904
15131
7435
13019
800
7932
4947
3322
5325
6362
9798
14111
14703
11132
13199
3831
10780
12831
1764
16166
4662
4409
16029
1026
3919
4581
6835
409
15731
15267
11406
9612
2404
10875
12194
1719
15310
2928
12772
14146
15871
11431
4431
263
11317
1875
14159
326
5463
12418
10518
6271
13912
13159
6961
483
195
5900
11935
6175
9240
122
1266
3706
10754
7902
12082
7848
16186
6745
1329
8694
8365
14542
4056
13755
12978
15291
8525
4451
1197
5057
210
743
5765
7356
2194
1522
15647
11991
1150
15926
14667
11639
4134
9101
3906
14274
15016
5800
1635
4407
11497
9014
14592
14316
6601
2665
12827
15631
11854
10333
10583
11820
6994
12430
12605
8079
5659
12472
6242
6399
13354
2094
9337
10512
10424
13567
2686
3100
833
9081
10504
11902
13530
945
12917
13065
9110
11564
3440
7485
6059
8315
1621
13022
9538
7196
15060
14973
15759
15740
11928
1375
10771
2931
13609
618
4395
11038
12986
1919
14713
13845
5672
7109
1412
5797
16192
10272
1138
12417
13042
11870
11494
10855
8158
5264
7827
10431
8047
4120
8871
7323
6756
11483
1999
12126
14540
3809
3236
14938
15055
15017
10356
7319
9189
7632
3551
5320
1035
10069
7547
11514
9152
12609
1884
12127
2993
2963
11013
729
9540
13846
15313
5355
14878
3216
2121
14417
13687
789
9780
6907
6897
6542
2356
7475
14317
6356
10662
1579
16013
2203
6097
5121
9148
1431
5642
15026
12444
15118
14440
15516
7607
3598
6711
2283
13943
11319
15974
9746
2415
9703
666
8587
13574
15853
4973
1734
15335
9043
4714
1683
15916
16349
7445
5487
10106
13480
13740
3391
2671
2840
13766
840
1640
2625
6347
9687
874
1833
13113
9401
190
5147
4498
12369
12039
1731
72
11706
14249
14618
4736
13169
7694
8336
15454
13406
15918
11237
1498
249
7734
4795
13878
11313
7214
818
1672
14536
1880
1414
1848
3334
5103
1164
12651
232
3540
10332
4694
4337
13469
1174
9989
15489
351
3177
14595
4526
5008
2717
13968
1946
16082
7134
14007
7115
16059
4818
4050
15905
8219
2170
6199
10542
999
12906
10540
2224
5421
9020
7002
9422
2428
12153
7719
5625
5464
11451
132
11123
5739
4158
9426
15735
13236
13244
3404
3490
8907
9751
4864
8090
9094
3009
11426
8373
15789
13380
5500
12328
1222
9648
13483
476
3760
12788
8145
16086
13249
12360
7221
2806
10845
4284
7444
3014
2792
12802
7195
961
7891
7008
9666
8111
7985
16143
9815
4726
3859
10751
5312
97
8867
3397
12728
9700
10589
11774
15344
12030
16122
11981
4293
9901
7215
176
6090
5812
8686
6138
8227
10956
14741
658
6615
12023
2856
14664
2123
4102
1594
9120
251
2850
4931
14430
13592
6085
1247
5777
4077
7686
2700
14348
10204
12994
4501
14103
10090
12247
9802
14096
3235
12937
7318
146
6302
4032
14494
9929
15293
9012
12637
13555
8103
5198
10988
15393
8684
12499
6794
7043
12133
5258
13704
3454
10817
13680
10472
7482
173
4274
6182
977
1161
16049
15495
1371
414
12326
8595
16295
13807
3173
4700
13916
2227
11731
551
15442
2481
13811
13153
10663
10686
1709
11421
9289
3805
7290
2368
15351
13746
7040
15479
14496
3700
11716
15492
2039
1508
1033
6775
1483
7981
2711
4449
15135
12213
2601
9726
4676
270
6318
9139
15758
15724
5523
5005
12581
2196
6977
3673
6281
14326
2698
7184
11372
14549
13819
6729
13149
12017
398
13391
2201
6299
15225
1212
650
11397
8392
6475
11941
12618
2544
8196
5322
5945
541
11000
13474
11073
8745
5947
12429
3342
9705
6141
14846
15001
10111
6486
13934
16124
15685
11568
1855
726
5040
3422
15006
9717
69
213
484
10658
11550
3736
3808
6924
16120
9132
10563
8466
8293
10262
15406
11454
6276
7756
16007
5856
14945
3562
92
12879
3538
12852
6789
15119
14369
1711
15076
70
4916
12727
11850
3258
2541
4509
1726
3532
11598
5214
4245
530
10000
2102
12714
8042
3132
10964
555
4689
1437
4458
15014
15058
15781
15396
1950
16338
4829
3950
13254
12185
11627
1010
14819
7740
14700
9089
4895
8467
8639
9948
9114
5060
2515
14133
11752
6262
13015
13779
13796
16323
2462
11565
2603
13266
217
6940
13742
10537
3666
10098
77
8981
5551
5701
8188
9794
2495
9384
8254
5532
1337
10883
2294
1577
15676
9300
14770
5485
4412
9233
11005
5248
13877
14141
6249
14608
10700
15434
10761
5637
8510
14085
2586
10790
12473
8736
4068
10520
3431
12781
8025
10905
14760
10655
8942
15579
10474
15551
16065
15543
12262
11369
7239
16008
4532
12365
14323
4105
13233
15831
4357
11365
13613
1119
11855
16084
4276
6042
5265
15726
8741
3745
13397
16200
13987
6306
5283
16062
2040
8274
10526
2244
6554
2516
13098
1474
11940
2359
2961
6098
2742
2006
8579
13767
10410
14097
10678
3305
5075
8328
5953
16188
12432
8230
8944
11900
10423
15263
9041
3780
1407
10567
8209
12366
13649
3748
7878
7156
9297
13145
7879
11475
14068
15468
5763
2133
11295
14863
3352
14071
1344
8132
6095
9419
14122
2275
12734
13954
3082
15988
291
3821
6211
2069
371
5151
7059
16288
12620
10001
11873
11043
8908
13193
13349
9742
14230
4984
1518
10475
13211
7641
14145
15232
10676
7469
11389
9663
4697
9624
11839
14477
3200
7175
9237
1779
14207
10048
3361
6867
1793
1057
13720
6280
1891
1765
12089
4141
3738
4110
611
10550
15125
6331
8162
3802
5140
12040
14352
6574
7610
8349
819
8742
3764
4478
3511
807
4715
6192
14370
2144
5929
3160
14632
10991
6556
2284
1495
11777
2030
11285
15178
5359
11258
15107
1982
5450
9072
3250
4146
518
8665
2444
859
2492
5443
5068
7841
10877
5677
15650
1693
16167
3036
3223
8040
13234
6799
7253
1839
16024
14167
8526
11593
15586
8566
5983
15399
14701
15447
7581
14263
15271
15163
12878
7219
4801
10383
3690
6076
741
4232
12076
7829
1966
10150
5452
7887
11986
10454
11608
10747
6861
14454
3996
3662
3606
9395
3699
3130
12460
11797
6000
11356
5531
5976
13803
5112
1402
14238
16370
1502
5671
11444
2273
15698
15694
5102
10384
15145
7545
2477
16117
10643
3561
3548
6119
15979
490
13693
566
10426
1156
6413
13255
14406
14908
12954
10752
5242
7324
14962
4814
7368
382
1851
894
10195
1124
1361
14284
1666
9848
416
3687
3165
8676
8675
12884
13471
11760
12627
11531
137
5920
11632
11394
14118
5833
12468
3286
10390
5049
1696
14143
9512
421
3039
8666
9524
3874
8264
4635
458
1996
13909
16344
15483
5044
1976
8411
3359
14310
6780
8535
16364
12151
3383
12059
11067
13104
14732
5024
12314
2130
1712
7553
570
4807
1320
15600
7064
7853
13366
8246
495
12741
12909
5994
6472
6346
9842
15969
5769
1369
2545
12044
3508
11896
13724
7056
1739
11579
9087
13390
11560
6825
9244
11086
4084
8719
7412
11918
11754
3091
10035
13164
8441
8404
5378
1953
10605
2892
8831
12333
5153
2691
5201
14171
13027
7874
11187
7023
9986
12363
12916
8426
15411
11737
14218
6748
11689
13166
3265
6386
2334
8173
4302
8875
9391
3516
10908
5838
12147
5026
10287
15416
1615
6051
8580
9888
12969
2606
10544
2602
3618
7763
1989
1715
3368
12193
8082
8571
6988
10523
6816
1727
6856
8471
11021
10302
15955
12305
16153
14984
4856
12541
6758
8727
3005
472
8378
4069
13769
6688
15695
15537
10040
1540
10053
3217
6787
4263
9439
14152
932
1202
13409
10536
7406
7396
4178
7765
11686
7173
10215
4215
4085
16304
1652
7065
3372
11729
9864
8610
16171
8391
5791
2839
5437
244
854
4169
1209
11660
3597
10631
12936
14128
975
6317
1869
1614
1403
3581
9750
8735
13834
3776
11280
8054
96
3364
2645
14006
9336
15038
13051
4434
12236
13340
6058
8800
7176
8364
13988
295
6360
7018
3066
3317
7899
3112
14086
2827
10645
10880
372
11485
8555
14937
2841
6092
15330
8238
5620
82
4432
11799
5560
9315
6560
16132
1235
15261
9516
9603
638
5418
8731
2142
15298
14671
1129
13361
14297
11100
15867
5451
11587
15490
4549
7921
7052
5177
5761
3839
16325
8117
12903
6389
14474
4765
11845
8191
5302
12524
181
6676
5050
15510
508
8899
7465
237
7424
13493
2607
11516
5744
523
14953
16369
5966
3761
15854
8598
2693
1882
8920
8393
10723
1133
7972
14852
823
1984
15426
7222
13993
6564
3155
15876
3267
7053
6412
6923
7969
6009
2400
7696
16039
11585
14513
8623
7180
419
15154
2127
11146
3152
7190
15042
5803
9614
13425
9362
14109
5016
12894
16165
16150
826
5236
4530
9729
7852
5179
12192
8258
13063
2192
2937
9341
814
2004
6052
1374
5539
2704
13264
15520
4279
13078
4275
7501
8080
7642
15994
16223
11168
6402
11308
15256
15596
6287
7231
824
447
11818
11336
13444
10546
8937
1866
11685
9105
5750
16381
16063
7012
4663
13486
5827
13847
3345
3797
10831
6880
7806
8096
15369
1109
6303
4878
9846
13500
11101
13459
4759
11675
1056
7738
8687
6233
14719
8956
13669
14315
5245
14831
15982
15493
2108
13876
14812
16207
12932
2565
2989
43
2896
6455
9881
11446
5346
4747
6232
10706
13898
1802
14480
1965
4577
2464
4730
6827
11231
13729
8594
9198
9641
5946
7534
6545
13082
5308
9444
6681
10973
10765
2638
15836
10952
8253
11665
2542
391
10600
8713
14695
11630
7573
9009
2706
14704
6959
1408
6702
5518
11058
1094
10928
2597
2226
7949
11263
14020
8306
7474
3092
13529
4327
4460
576
32
9898
878
10990
6928
12664
8850
10094
14413
5456
10328
4003
2043
14676
7242
12892
5657
13538
15733
14818
4180
12091
12812
10531
9564
3117
9747
2461
13681
753
14656
5400
5910
479
238
15645
6002
9862
3494
2048
1110
7828
11200
3478
9959
14201
9463
13419
2082
14548
1294
3784
3074
12307
12058
256
6013
10021
2350
13709
5741
2243
9398
7731
11987
5078
7291
4609
3509
9701
1933
9390
13553
7071
2164
9459
4667
15627
3530
6379
7481
6375
15776
13670
12575
8464
1916
5300
7281
7006
12321
2118
15947
8558
11684
1279
395
6798
2547
325
15284
11347
14866
8198
14258
2184
4873
6099
390
12456
12921
13475
3507
11705
8482
4620
15633
13576
7247
1815
10649
15715
1009
16210
10403
231
11965
5691
812
11572
188
7566
5082
11080
8357
752
8288
11620
3212
7186
1104
5318
2327
13461
12046
6422
11099
9944
14057
15481
11441
16048
364
14170
12463
5685
9965
11478
8591
1411
8281
5280
15554
14609
9778
13570
11501
1043
11631
13843
1118
11813
2865
6706
13891
14848
2484
11938
15811
6828
11929
1559
1910
6226
14660
14924
15205
10233
449
5377
1759
3428
12963
4430
733
8029
10779
1679
10158
7049
2900
1786
14661
8331
1528
8407
8574
1860
8107
11142
11330
7678
7364
11453
9607
10525
4149
13152
10999
4252
5361
10051
13560
1351
14478
829
87
9933
11932
2705
15909
4168
13350
9634
2207
12973
9563
13482
6307
8067
2354
7676
3855
15879
2507
7316
9795
10442
1667
7589
5433
5072
13140
11507
13300
7771
3174
15514
7107
3537
1772
9034
15220
9908
12029
1563
3230
14604
9016
11155
3806
3596
4257
5770
3482
9744
1315
5562
11546
15466
3778
15113
8795
12244
10142
7726
11291
1227
12426
5448
11622
16382
5567
9796
13344
2959
6063
10819
9360
12686
12910
9966
5930
9066
16231
8754
6699
12000
2276
2859
2019
7430
5241
14194
12836
1804
3977
1390
6732
464
2935
2861
8118
16058
9675
4494
1949
748
16224
9781
9879
15117
1044
11137
15340
5897
2784
3904
8418
13097
8615
7793
4585
14151
13904
12042
2573
5928
13413
9760
2737
13256
846
6621
6811
13058
7182
10038
3988
8013
6390
7029
8692
4012
8781
12702
9618
10131
8720
12595
11269
7163
6992
9510
6548
11040
8827
14471
15108
1356
6999
2504
5441
8214
10379
11548
9979
5211
6671
6487
9884
8242
9527
11468
3871
4060
7659
13772
7778
3237
5807
8878
619
11329
5240
5259
7293
15092
3337
7845
7357
406
1184
8102
297
1787
12319
380
9570
9875
3705
6810
3766
9834
3965
13416
1168
2316
470
12419
13386
16362
10194
4366
1548
418
847
1616
16353
10482
11253
14014
3694
1768
9611
7487
7539
739
12864
16055
14172
5263
2907
15439
10697
12696
10660
12828
3292
11829
6538
13744
2672
7733
2594
4919
13595
3480
2591
5938
15377
1941
14292
1816
10679
13837
11658
8928
3880
11217
5633
15967
15334
14772
1106
4488
10524
2701
6407
16227
12477
9449
9595
12391
13879
11897
10789
16236
6387
16067
7477
3648
12723
1370
15004
243
11170
4810
9092
4721
13849
4815
10731
15866
1443
13942
11373
2988
2647
1258
540
7544
4408
678
11508
14612
3976
8095
10627
3054
11204
8661
14589
499
11889
515
13806
7798
6552
8064
6139
11759
5608
2252
10709
6324
13983
14296
13997
6550
15744
8895
12527
5100
3731
6884
5979
1067
498
14710
12680
4093
4119
3608
8069
7767
6053
8732
6282
14191
12005
8674
12345
9219
6188
12601
15721
3622
4427
958
10429
1777
13188
5444
591
1290
10859
10613
11709
6720
9084
8501
8137
5888
5284
10839
1572
10278
14110
15011
9150
7637
795
6544
4681
12737
2526
2073
8177
5913
15362
16379
7807
12286
2905
9858
1771
13973
13726
15065
8791
8805
3724
12544
6344
6079
14716
3062
3915
5317
2389
1482
6539
5749
15240
12668
16298
13562
3260
15534
4659
12475
12615
16020
6286
2435
15531
805
7655
8183
7463
9083
14397
2352
12075
3320
2703
3269
15558
9062
10217
9477
2531
6021
10957
4851
3035
1248
7378
4572
485
750
4533
14405
10733
3590
14144
1240
7446
8575
2909
6881
7557
2552
5546
12484
6579
7144
8637
9271
13759
8057
15864
1871
6631
14927
4131
10827
5011
15150
503
3851
5564
2952
571
15796
1099
2849
13665
2770
3375
6430
2236
15050
15290
15356
9221
11699
4054
9269
10389
4314
4375
639
5171
3554
10517
1743
9447
3838
12291
5793
5334
6746
1810
1874
13583
15761
7261
12016
107
1892
5230
8114
15591
9033
12860
9934
7441
2229
7788
6911
7331
8873
11242
719
2990
2147
3547
6329
6540
12543
12420
7542
3734
14162
7369
8184
13127
11414
8245
10373
9308
14841
15034
8073
3433
15074
2513
11407
5475
4940
1971
12282
332
6785
7854
9464
12436
3785
12055
3390
13432
2231
10557
13836
756
10076
3779
10935
9956
5598
4930
4830
3283
9133
12411
4672
16332
7711
13265
5178
9330
3221
842
4182
12483
11683
4387
9312
1702
5555
2687
14304
11134
3512
8502
2125
11555
1924
11773
5114
1334
6684
7998
12585
13568
1441
1154
15701
13936
1872
12332
4087
15111
11595
8026
2168
12123
5521
12010
9904
14
5143
15496
8573
16358
12810
11721
12518
9691
81
6378
7665
13066
12976
15501
14244
13504
1539
2648
14605
12785
14675
3426
10705
662
13668
5654
6365
14236
2381
3198
15559
7864
4656
4566
3555
5611
6973
10483
12506
2760
3853
2805
10461
7886
11892
13751
10516
6806
12450
14519
1606
10843
5104
11233
8774
1323
14220
4897
12563
10006
3120
2628
5470
8222
129
3517
2838
9658
9724
14809
1811
5811
3386
774
3889
15919
13914
488
9160
10447
12375
2669
15826
6134
6894
11519
15184
3790
7042
14904
11539
13820
2518
8301
7953
3823
5883
15039
11887
11427
3895
1318
11717
15546
3064
2395
7055
14538
964
10010
3042
797
14782
5844
6807
4416
11582
11866
1179
4311
15504
10496
9333
1756
3862
6229
8461
608
7662
1389
265
16164
10291
16096
15467
16334
12254
12136
641
9470
15757
1251
6837
11835
7727
11128
7336
1747
10228
4027
13499
3413
13253
14560
367
8298
14972
13013
9709
2146
6174
3358
730
12317
4524
3425
1055
5391
15964
4220
2242
7562
16152
10133
14147
9921
510
7818
5717
121
7376
10316
12407
5829
5661
11157
3171
2216
3796
8542
13641
10491
880
2960
7438
4600
12073
9138
9031
8557
9306
489
7613
7764
5467
10816
7741
194
9228
1218
10835
11859
9838
4575
11930
4082
14892
16040
15412
15688
6463
13399
3974
10671
10216
10758
15800
10294
4485
671
1917
1741
4104
11045
4356
13125
10867
1881
10530
509
16182
3137
7851
4823
12887
14398
9994
16311
12576
9521
5019
11953
556
11955
1926
2364
7737
12221
1117
1346
9263
6990
13277
5499
1973
11603
5655
922
6354
14797
2576
4994
4650
2927
7743
7988
2955
1673
687
10812
9209
13452
11022
4841
7917
12054
9403
2239
14786
12760
6471
11068
2095
4197
2794
16313
12117
1310
10802
9928
5007
8546
13977
11496
10634
2093
8662
7480
10269
455
1915
14520
11761
4278
8965
5670
2776
4441
13663
8570
6468
6180
10796
15900
9097
4136
13333
12517
2358
2798
13175
15946
2924
592
14002
13201
524
2092
12166
652
15270
6505
1092
1812
15940
78
12564
12874
6679
11321
14195
8077
6661
5426
11108
12791
14946
5246
1004
7124
5465
9999
941
8649
8561
11466
6164
10527
1478
13887
12325
14775
5187
5828
7521
7779
6618
4760
4103
15221
667
14971
7457
13229
3676
16268
12270
13090
2965
6805
5111
16155
674
7933
7992
7604
9001
2514
7811
7039
11638
2891
1152
3290
5848
13284
9594
9889
13407
12798
5010
2257
2592
6200
4958
4553
15365
8109
7993
4854
3755
7962
14624
6722
2986
8115
3582
15104
14275
12267
15792
9486
13023
8682
1388
534
15953
5587
8094
9765
12552
9252
10508
6644
10108
15893
6005
1676
14306
10173
413
6488
15035
10280
13310
11370
115
7305
2826
645
4567
1420
10050
761
5904
8629
9265
5958
13842
1890
4623
4742
5442
14872
3301
8289
6277
2718
12654
11688
1405
11570
7703
620
9004
3071
2190
8839
8738
9511
9987
1447
2326
6198
10327
9827
2063
94
15206
6186
6089
10046
15993
5935
600
15957
2674
7193
8528
8399
7531
1492
11276
5476
11993
16324
3312
62
11556
14674
6319
2109
16100
5781
14432
10778
7911
2262
10157
7033
14134
14186
11589
4685
5395
16237
14302
3771
9768
10749
4204
6583
9630
7546
11199
849
12446
6802
1257
11219
5693
2864
14163
4861
889
6300
6980
16146
575
744
3449
14794
7314
2076
6541
3602
4086
15012
12080
4611
12114
2659
11212
9254
5020
6179
2131
2720
6577
13311
12228
6889
264
15862
10444
11015
2487
12374
5890
2052
12588
11194
2809
10112
12749
15623
10230
12789
12493
16256
7713
4203
10116
4020
16218
5183
6771
8333
11718
15478
2083
5125
2520
3192
15538
8009
15550
13137
5065
10901
12850
15353
4135
13316
0
15570
8071
6056
4618
7427
11082
15883
11726
680
4712
2245
12769
12287
2387
11035
12013
7136
9651
4233
2741
1675
1444
4517
11010
1365
13624
15312
12816
6065
4865
11482
10285
5362
6694
1354
2299
14722
9149
10673
13473
9007
14581
6345
9502
13443
4579
4074
9886
12007
14754
5204
6970
5572
7402
4513
12597
15707
9388
10298
9080
7956
15381
15277
2053
13824
4874
1479
11962
10060
615
1921
1785
1359
3999
11933
3565
8092
6292
3476
3181
12813
1901
3211
14802
7209
4535
15374
6876
12762
11796
9334
1775
12537
7918
2642
6778
2202
5678
13108
15975
3708
13937
15581
11445
12437
2921
9957
11352
11310
12209
6264
3654
6754
15938
1012
5513
9990
3720
13449
9431
14869
1909
11129
1219
14396
9373
6517
8085
13764
7940
8284
813
7513
15303
1450
10948
7881
5650
2157
10253
13219
717
11124
13947
8500
6916
9168
2797
6353
5592
11223
612
10836
838
4886
14199
11590
5821
6061
1942
5950
206
5967
6418
4975
14596
10832
3143
14248
3185
8174
14421
11499
9968
2259
9787
9136
2089
7266
12983
5768
12904
16103
14807
7875
10289
830
4512
4868
6294
12806
4298
10989
1975
6411
11667
3638
10357
14849
14091
7069
13417
14789
412
9380
9497
2877
1401
10028
13620
13525
12387
2469
9394
9660
10743
2785
15989
8807
2596
6131
14976
6696
14952
13512
7667
3762
9374
856
12206
5233
12400
15639
13093
11512
8946
2238
1252
13511
7486
3115
1268
15242
1929
99
13841
14181
12830
2021
14562
13597
13178
10020
7909
8375
8680
6026
8962
7496
5997
10513
15482
14232
12532
4100
677
12677
10008
6278
5721
9304
7415
15599
465
11355
8226
14961
9317
14200
14119
7024
13698
383
14752
11804
14099
796
15418
12697
16181
8521
4030
12281
15355
7046
9826
6151
528
6270
15592
10041
8798
6078
2626
12027
1185
14037
10484
11954
5545
9922
955
10210
277
4216
14566
12871
15779
1964
3739
7005
6420
647
12449
9404
12152
9421
7880
11185
14222
15167
2409
2342
8108
11286
53
5101
79
7443
1195
7062
14529
4201
4820
10303
12775
1620
5376
554
11030
14042
12189
15700
12380
12988
6728
8647
6653
13790
6593
15851
6332
13739
5696
15903
15156
11402
10621
8135
12467
15917
4718
2254
1069
10354
4433
4184
13590
7185
930
16170
6204
9172
5055
13579
15168
10593
7685
9278
3847
233
2392
4055
710
1541
4190
7808
13306
8973
13142
10348
10378
13710
15450
5597
4781
11989
15386
5490
14563
5595
3637
14865
14518
8275
3534
9154
11312
4211
1609
4253
16129
15533
3067
16090
13107
12630
3860
2483
4057
9837
1695
11765
15584
7556
1463
16327
15147
10015
9811
731
9583
6685
1147
12833
1499
9202
10724
9568
4644
10766
15856
13287
8290
5004
14156
9162
14655
9586
7309
3282
5285
7301
14446
5722
14419
7627
956
16087
4495
2246
8808
16301
4150
10115
4394
8824
13117
16005
15571
7216
4127
1324
13588
9313
13146
10598
6118
8113
10018
13324
7661
14090
8966
12593
13481
2912
3506
5158
1512
13484
5903
8346
7208
5801
14874
7066
8348
13150
13932
5014
4948
12395
3935
8354
9256
7995
8419
8140
13625
10009
2743
15643
15124
16076
15965
13661
4073
10825
843
15423
14658
6608
3767
7243
9534
16243
8100
943
13761
9856
3948
8809
14383
12570
781
6565
2836
8052
14009
9713
16221
1597
879
683
2689
4937
10926
2139
3742
13838
7978
7596
2612
5925
14858
5037
1140
6824
9405
6682
6087
10806
3362
7142
6018
12848
11656
7063
13144
6976
10100
15848
14424
764
2837
1021
3747
12431
9936
9880
11087
2115
4137
13972
9590
8882
5758
10624
7351
11687
14428
7375
374
2967
2622
3360
1491
594
185
9367
6272
15615
1900
10339
5344
6128
5806
1151
12661
2278
14270
14363
1115
512
2556
6501
6285
9873
2217
9415
1574
7492
5751
13702
1889
14314
7259
13334
2398
14429
10793
14958
16204
12191
7365
4138
11682
1126
1041
140
9340
2721
7078
15756
22
61
6219
5210
5430
5796
8089
3725
8569
10874
2517
8106
16118
10139
14815
13120
12645
5600
5864
11493
7838
3323
15705
12736
12331
10919
8876
7934
8133
6312
5877
16121
3898
1319
7762
4584
13161
12183
3439
14988
14375
1054
5327
6525
10132
13308
13227
273
11625
7141
3475
948
12617
14646
10954
13608
1537
11723
15857
3837
8250
15506
13006
11306
7760
2940
9702
2968
10915
14361
11477
3505
11943
1404
565
15513
8949
8372
3846
13114
12230
474
2858
10560
10301
10180
8947
5483
11064
4655
12132
12586
2761
4562
4322
836
11597
4855
10154
11436
4767
16196
7525
11963
4876
16139
1116
12779
3022
3309
12508
15542
7407
3926
12984
214
4019
7944
13241
3355
10211
4728
14881
4612
7984
1416
1564
15745
14922
10225
2478
4121
7582
6336
12168
5080
4682
1753
3964
3542
1818
5817
13179
9924
10049
2685
2756
947
7717
6338
16329
9867
2932
8072
10768
15802
8797
12342
13882
1744
1610
2793
5944
133
4492
431
14876
13653
5624
13301
3576
6922
857
8603
7593
9863
12373
2333
3972
5387
8454
3017
3526
14777
12482
5716
1409
6339
7203
13003
7520
6847
2223
13717
5473
8779
12159
544
1500
7631
6153
11161
394
14389
4827
11115
4062
5731
8350
553
10237
13260
6614
119
15780
9597
15321
13343
12378
13601
13676
1504
5319
6670
4998
10930
1036
5113
7858
10820
7746
11184
13862
12818
2141
9897
8655
473
11903
13980
5516
1599
15458
2857
3348
2489
7177
2509
6427
13305
15732
14294
7871
9525
7843
10381
773
8340
5350
10156
9056
1288
9517
4539
7167
10506
10966
12777
9208
3811
11999
6283
12361
9455
8408
9591
4081
15368
15722
3220
7730
3670
1000
6459
12761
11298
11226
8513
4985
9642
5134
12902
2763
7341
15069
2631
13096
10063
6878
15094
9722
14769
4309
15585
13383
1722
10642
8178
14359
10202
13016
38
14666
12318
9411
16249
12111
15333
6165
9600
16333
3043
8434
12471
1844
10406
8120
12109
4961
11083
9299
6172
6309
12512
3275
1210
4231
9125
6254
3147
9925
10317
5988
14489
2451
333
520
12134
5852
12712
11272
10995
8780
5826
9006
8963
855
13881
7151
11449
15778
15654
12223
13905
6864
14920
4976
11450
16238
4454
2530
13689
14616
2505
2640
2823
15573
10746
15968
580
2729
288
15491
15934
12624
4025
4849
4206
10160
5504
9555
10223
9799
16066
7207
8514
7417
11979
806
2005
15292
8887
14758
11779
2871
8874
557
11669
8081
8670
3456
15891
3264
801
4362
14399
12489
4177
16184
4556
14845
240
6752
9028
9220
3726
7884
13794
16383
14395
14250
13172
11472
8534
10677
10056
1005
5984
12205
2124
9428
15201
8631
3973
8609
15382
2719
11465
14994
9187
909
1682
2195
8894
10398
9098
7795
2410
4546
6214
290
3641
12631
11964
14652
3068
547
8770
5495
4561
7537
1357
13119
16097
5293
2256
7294
7189
13115
850
8286
15689
2445
5851
15825
4367
7245
10882
7701
14689
6759
7561
16361
11399
5987
6479
8706
15370
1355
14038
11205
6091
11619
1849
5876
6744
6142
6651
411
15129
7330
3527
12930
13073
4540
10234
2790
8803
7682
13286
14768
14285
12534
15557
10469
13521
957
861
7358
6382
2886
491
15325
12112
3111
9078
6996
10597
14880
12065
3376
8634
6883
11104
9872
12245
6491
8511
7187
8382
9325
11747
13853
2064
8820
3636
4918
2271
8041
14500
6017
15081
8473
13518
13445
963
5165
5051
10479
2848
15791
14227
6859
6690
12243
6969
10842
14027
3050
6553
1208
10581
16366
6793
2176
12241
6628
2727
7868
10972
13373
13060
5590
15084
3933
12406
13111
7166
15469
6763
5439
10296
2972
12920
971
5857
16217
4065
15268
2548
5505
12306
13438
4482
4929
11470
9761
3443
6358
14453
6316
6860
3884
7373
9234
14998
7274
2771
16336
5182
1661
2295
7584
13371
852
2172
7817
10863
15638
3127
7044
5859
10744
8630
4834
13248
15494
12872
8759
12756
14871
2632
5491
980
8413
12441
15755
4761
6657
14384
14977
4156
12868
5131
15487
15847
12500
7750
11971
15202
14180
16080
7549
3094
13272
15345
7671
5586
3683
2677
10616
3876
7687
13506
14642
9183
124
7735
821
7125
4484
193
9991
4369
3193
7127
16091
2494
448
10416
177
1974
7675
11957
6632
5965
1477
12135
16378
2214
7960
8906
15453
920
3175
4592
6150
14623
6572
2539
5894
187
5927
10986
12733
927
7236
2438
5861
14034
8033
10144
182
13979
11901
5639
9465
14889
6457
6032
14697
6645
10347
1612
4631
15116
248
15622
9748
2899
8039
10276
14434
11805
1155
5941
3041
5893
4774
4214
3857
4466
3010
8958
4508
3222
12122
8352
12926
8518
13706
11581
16266
14216
11392
1991
13281
9343
12304
6298
15193
15087
9882
15227
9490
10732
16273
13501
15429
10602
4844
12020
229
7139
2766
9280
15594
2
7586
11741
15255
3557
7359
2390
7511
4957
4764
5314
10553
11569
55
3840
1629
16252
2970
7509
3913
13982
3594
5374
294
8172
1908
4165
4072
583
853
12453
5282
5252
12502
6342
8149
9572
1509
511
5512
13894
9743
8476
15527
11260
3180
8659
10807
10197
11696
10846
2906
13750
8847
6808
12948
9981
7716
1253
11727
14837
4393
14619
14528
8021
9123
8043
9434
15816
4483
1358
4476
12982
11107
3331
7580
16374
11549
3956
12105
5061
8784
875
4303
2191
10809
3586
14320
11487
16225
8885
16026
1328
4173
5734
15535
12657
1214
8725
1827
9822
14213
14895
15099
5626
15852
5232
4404
8900
15241
13657
1206
14203
10619
10693
8891
10175
10271
5916
8520
16083
3814
404
7883
12655
5369
15742
12504
13537
6473
2249
15363
6067
10702
16034
5934
2623
16308
7223
8216
10959
1894
4359
3187
5084
12964
141
11888
516
1834
8197
11949
3546
15697
11980
6686
9085
4658
9378
1008
10909
8068
13382
6202
9102
5558
6112
2306
13816
2769
3190
5891
10196
15999
4442
12154
14362
11677
5804
6573
11786
280
2971
1042
13106
5303
3436
4776
3579
12776
423
9195
4554
2611
4879
3657
630
12074
6363
8244
6253
5743
16373
9694
4904
8758
386
2884
11460
12687
8397
2723
2077
9215
8823
5922
1368
9706
12656
12443
10043
14870
732
5462
1569
8488
2072
15407
669
4187
1082
9899
5802
3885
4140
14867
8683
13682
3307
402
9273
4963
8075
11305
9681
5339
13569
2353
596
6269
13855
10101
6555
11379
8592
15132
8255
8316
10978
2902
11679
7129
16314
12547
10235
1992
7010
8478
13840
1887
12729
9037
1362
11348
14552
11081
9311
6633
877
2773
13626
9824
7251
16277
10415
5596
10543
6851
12747
466
11492
16051
1580
1189
12701
14388
2885
10950
3757
6939
13304
14995
16140
10585
4111
8642
11732
4651
13674
8128
16156
13134
3730
1986
5321
3723
14280
3938
12992
7759
14997
4310
2138
15071
6705
14911
7821
2355
15394
10604
14224
3015
2116
15003
12222
6033
15134
6265
9002
2206
12560
11320
2887
9841
13165
3037
10777
1800
4289
3513
2100
10096
8663
12647
10489
12808
13995
12929
12327
4292
2736
10626
1065
10745
11133
1232
16245
5982
7660
4734
3347
9485
7849
3816
7135
13959
13295
3040
14561
1817
4906
7680
7555
11003
7896
11235
15413
4083
8772
2637
15146
4294
5604
399
8545
80
16345
8453
4956
6015
7698
10425
10764
917
151
10532
3870
6116
15610
15512
4254
16046
9635
8200
14844
3049
13771
3263
11917
5681
16014
16131
14570
14842
12922
568
6610
3722
1274
12032
29
3735
3363
276
11283
3150
11429
4909
8313
3671
4266
12573
11775
4928
13795
5688
3381
4018
3510
1608
8105
1958
11051
10057
10565
9825
14401
6147
3588
15023
10969
3953
6843
14983
10281
4598
8138
9733
12641
2035
10478
13044
12207
14773
11635
16015
1433
4005
12167
12540
745
11668
15910
15624
1761
14886
12862
9322
396
6117
6571
9074
10105
5445
8428
10448
5733
6234
16073
6123
1256
9188
15300
15101
9947
4417
1376
5477
3455
4691
2182
8635
5166
5816
16070
10446
13317
8652
13252
299
6790
10510
897
15339
11788
16168
7047
5975
10151
10419
14229
12041
13064
3458
469
5396
9332
12927
9303
11862
9467
269
5680
15560
8777
3406
2684
2498
9753
15959
7872
2609
5371
15436
1708
3640
10137
7220
14021
13603
2875
8918
14553
7543
2511
11049
13223
9859
15976
8951
9553
8987
2051
7579
4225
9375
3095
7945
839
3978
197
7924
11785
15532
14272
4125
6619
9268
15182
9576
4586
6944
1466
7692
11920
7110
14214
13034
13087
1302
1638
13699
13658
14052
6650
13707
5345
10409
8701
5651
15692
8452
3685
8700
3281
5237
2929
11318
14092
3099
8544
4754
12251
7322
6243
11764
5164
5407
13539
691
1920
8556
9978
15845
12890
9257
7608
10695
1213
4775
3270
1034
3959
2593
2983
7015
5404
4348
14140
6461
3244
8224
4017
8341
10399
1639
2304
6781
12784
898
15200
4753
13269
7959
14338
6263
5340
11131
11968
5537
12376
15455
5343
2752
11642
14393
12285
15703
89
5964
4489
13031
7264
13001
15844
3932
10760
13978
2205
16019
2455
9974
6480
6001
11997
9143
11881
4632
7017
5139
5529
5574
14925
11601
1674
283
6862
5502
1780
10002
11613
6359
1867
14843
6068
13195
2160
6088
8433
4265
11192
14909
281
5963
8898
14545
4558
12900
9951
4695
11801
6784
9088
2426
344
12156
2401
8437
4703
6616
3450
8861
388
428
15250
230
16317
10129
1181
7230
11733
16239
770
12748
2303
8186
595
7041
14269
11198
14673
2087
11031
12353
6436
10380
8371
8390
3302
15446
3149
11395
13424
981
11188
5215
7122
1045
6255
3195
285
7617
12934
6105
8015
15838
13673
2486
8215
9689
13365
15859
1591
16281
15282
15173
9239
7729
6931
3492
14914
11208
5858
9377
3861
4852
6252
12509
11078
5578
13533
5784
14687
13563
14067
15212
10464
3138
14101
5715
3692
11750
13085
11008
3697
2307
16001
8179
10481
2854
2941
2862
11244
1316
16154
6453
8425
14857
8817
10340
7386
10350
1853
12689
10176
15424
7643
13599
2942
1523
12220
3415
11973
2799
4143
15194
7846
14192
15266
8912
6404
9175
5048
918
1923
11651
14839
12895
7000
6414
12682
9145
1998
539
16053
1968
12533
4608
16017
1144
9704
5923
11749
7131
3229
14509
9210
14445
16261
8395
3575
12479
9844
10852
10030
9140
13996
6322
9513
4510
9659
16275
4371
8247
15246
15782
14276
7165
4186
84
1087
11274
7398
15395
1392
1650
6547
993
4378
12173
4490
5918
593
5854
9285
16021
763
2250
3308
12866
10726
8998
2454
14736
13327
7563
9696
984
13345
14733
1552
7605
14407
2634
1898
1586
810
10914
4921
9075
5968
14531
7681
9200
1380
7622
7578
3813
10434
3123
8237
12820
2274
9996
1221
6284
5593
5602
655
3577
3539
8440
2044
16115
9786
1806
5326
2811
4534
13991
2649
2380
7644
11423
10548
12875
9339
3667
15727
13780
15427
6561
11596
14211
3045
14486
6535
15169
5653
1911
2789
12958
6213
2407
3196
1922
14036
98
8409
8446
147
9348
14534
14259
3740
8020
10762
9173
11857
9128
7986
5363
5141
16242
7179
1632
11243
12015
2803
15682
2749
5286
9955
16229
648
16371
40
2537
14425
4511
6236
3746
12368
13938
16377
12104
2739
13594
10654
6612
6093
8212
6723
10853
1446
312
10494
7436
11945
11743
2722
14913
11378
6749
8034
11248
16197
14219
9992
9156
16318
7583
10364
5310
13830
9749
12558
2820
12022
4002
8235
10591
10286
7832
4616
3826
14634
10918
4288
3793
10936
12344
8983
4515
7870
8671
9461
15528
6515
9764
202
13184
59
10866
7699
12783
14793
10155
10004
13203
6458
6742
14774
14569
8583
13446
15614
8677
11236
4258
14610
10029
15785
10829
13554
10748
13375
13470
3208
13415
13437
7722
9473
10102
5015
13328
16230
14124
15889
13986
10564
13981
4542
15287
7429
10736
15106
11541
12940
6576
6629
15618
8277
13714
7370
8448
15174
3266
74
9073
11278
5372
9484
10938
7628
15485
8001
6167
13544
14601
11662
951
5635
9973
4646
15445
5480
4867
15120
4875
8880
8491
7371
7349
8345
2026
6718
9680
11736
12751
2551
12043
9669
6010
14367
11152
11016
7618
5006
7599
1398
13541
8486
8549
2678
1220
12162
3013
3643
5494
5914
16109
14778
1877
13945
2382
279
8590
13148
407
5542
1047
1292
355
12738
3296
15025
3963
7217
14148
204
16187
2085
10681
8889
6590
5176
10727
10174
3020
15617
14653
1170
6952
11126
11304
7898
11937
14986
837
6603
2890
8171
11915
10222
8716
4763
5940
6727
16151
3589
14385
16291
8416
3566
4399
2240
7397
1876
1520
5095
4992
15595
735
1163
15417
9806
2379
1378
14339
13774
14855
5097
5727
15010
12695
1304
8985
12526
4336
14116
2923
5705
10934
5615
6747
10927
3754
7394
11151
408
8532
11141
11097
16135
1243
14728
11001
2681
8980
3028
3595
3088
12024
8576
15186
15226
227
9782
10638
12962
289
14555
11914
6815
11476
7147
13141
10360
13116
12598
11905
10985
6136
3484
14487
3560
13496
7885
7903
7915
12275
4145
1363
11748
4571
4444
983
10911
15805
7704
13716
9914
11840
13183
6477
3969
7824
305
3992
12583
16316
9958
12801
10860
3158
7174
5520
6534
14943
12993
890
15754
2772
7238
14565
2964
15279
9371
13509
8403
779
12742
5203
10290
1994
6563
14018
1167
14698
10561
15100
369
6962
10062
3928
5630
13618
9293
8718
2137
3531
11117
7834
8645
1426
11062
12045
14781
10128
9946
15574
6227
8771
8596
4452
7624
16202
6546
7161
148
7197
2930
10889
15352
5289
215
5853
3679
4870
13515
16038
14176
15565
10140
7649
10578
6697
8483
12120
424
14308
7623
4630
4967
15219
9869
7072
393
2801
6409
8959
6882
11502
4041
5809
16106
12876
6569
8165
9874
14019
222
13213
9327
2212
2268
6863
11206
7588
5998
14574
343
13205
13622
8495
12064
16011
14055
2814
10982
8405
8124
6066
13230
8897
822
443
10338
9766
952
6103
525
7615
8633
3353
15307
2951
724
12842
2266
734
12949
8685
14178
12578
11002
1979
12670
1360
10091
4882
14215
6070
13297
11753
12313
7304
1687
11925
3804
13527
4602
10669
4838
7515
11415
3142
10342
1776
13356
16260
2422
3354
642
8654
2140
12146
138
8919
15713
7224
10162
3395
4124
9142
10659
11094
11271
11824
7639
15526
6348
11757
9045
352
9685
6558
3118
1064
10279
5641
9064
15389
13637
11437
2086
8314
15253
12829
7847
37
14426
8487
14835
8400
2564
6439
2228
15539
3897
9205
5364
39
7736
14206
13965
8046
13021
1730
11898
5042
4092
11909
7688
14135
8259
461
10739
16216
15136
12481
2391
5932
6046
179
4580
2122
11542
9082
14829
9631
5643
3065
4358
7432
6433
14392
8093
15771
15063
1453
14468
2110
1847
11004
2925
14521
8134
11998
175
12750
8087
13209
5337
16111
13056
1298
5382
12352
11480
9433
14350
14288
1066
11806
4491
10421
13050
13872
11074
3357
15185
10016
12490
14742
7362
8974
3866
13825
14210
6762
1088
11432
7939
8457
14643
5773
3008
8493
15885
6566
10661
10428
6297
15308
14923
4464
2433
15499
9480
12445
1345
15659
14706
605
4934
8554
3232
5972
14234
1947
10126
13100
2780
7595
1490
7910
12097
7140
5772
10505
6417
13118
1462
12957
1927
8952
6454
15998
12711
4364
8389
6779
9866
13728
10264
13731
11181
15181
11563
14347
15234
12300
6858
2208
10515
7355
1713
12600
10801
5332
3284
15021
5413
63
1596
10795
9715
11676
6710
5266
14093
5388
9515
12497
16367
633
10902
7201
3911
6588
9637
2913
3772
1835
12838
3109
6845
3400
3461
12174
8192
4376
2371
9805
3338
6367
12931
12629
13736
9018
7616
7093
6149
8825
1312
14318
3817
14931
8394
15211
11385
2506
15656
15224
7360
1773
5755
2575
15158
14606
5120
1637
12179
5272
10283
15956
5023
5599
27
14376
14590
8910
7831
11913
14641
9027
3146
10306
7085
15890
11232
6308
14016
6703
13861
623
1225
16108
14114
4627
12771
13623
15441
6516
11604
2680
12652
14989
11500
13735
3350
6230
7414
5652
11032
1231
15046
5508
8989
440
7303
3398
1488
7067
3000
8256
13442
14484
12951
1623
15563
14930
8986
6974
14039
4707
4446
1120
12882
1766
10590
7084
6630
8840
2059
3486
6162
8055
10073
9063
2493
15402
2534
8540
11728
1297
11420
10146
6374
6349
10239
9734
16283
9913
9170
8363
4908
11672
13400
4880
12018
8
4541
5161
2816
345
14979
10797
3620
1842
9708
1538
3016
10929
6100
1641
3318
14964
11120
3653
4719
1468
12218
4234
11575
6900
8063
13046
6886
13549
13860
7121
6435
14245
7967
2708
3750
2946
2189
14481
13040
13826
3116
8164
12335
11327
5066
2867
3627
8589
12442
5832
15259
5156
123
12186
13393
6514
16032
13206
7235
7312
7391
4297
9505
4529
6942
8627
7199
12274
6426
15229
7706
6950
6086
7287
4144
15990
8429
46
1282
6392
15348
4450
8307
7332
16101
5656
11282
7420
8517
5342
10996
3469
10054
13558
118
15808
4049
15347
5834
6049
5591
6891
8768
15053
3729
8018
14303
2911
5425
8562
7919
3946
9369
6677
9804
8330
13441
11245
699
8740
14102
9664
8002
5665
4447
8911
1819
370
6290
10485
14252
1313
10366
14364
2237
4503
10393
14756
15708
10953
13998
13963
1769
15141
1555
5271
12635
11089
8979
10449
13436
5871
7410
9721
8757
9258
985
15162
8317
1445
1633
10248
13421
6634
14901
6721
9281
5621
14335
1527
5588
9229
14564
5118
1111
11331
7897
7241
5992
15473
12753
2914
693
4067
6173
2180
11571
12390
9067
5614
11559
6812
4789
924
5262
15939
9930
12944
2166
14707
10639
3715
15179
5208
2795
7113
7096
4597
13292
6305
1516
10407
2075
4126
4323
10242
2664
7968
4108
10037
1568
12757
12972
5105
13002
4200
2173
12809
14087
3096
10241
14112
5455
2336
7263
8868
5062
15809
2572
15593
3162
9976
12410
1494
8240
9980
5375
929
7860
8353
6581
15045
9772
7826
13675
7388
15477
14784
1868
11
4626
14715
2222
14394
9518
586
9725
6115
15048
9546
15865
5124
14499
6945
8208
13786
7058
2895
7980
6826
15936
5174
786
3661
5795
7987
2038
6627
15770
3106
8516
6578
8229
5687
11577
3191
330
10003
13775
14301
12590
8450
4935
10206
16360
2403
401
11294
10971
7037
1291
14337
6022
9245
203
13131
5585
15881
5401
10341
5996
1423
12388
1030
16205
5243
1664
1303
13793
8443
14912
7603
14070
8673
8058
4666
7297
7558
13691
14981
1742
6196
11014
7423
4857
4437
1668
10864
10130
2699
2418
4832
6503
10013
986
2351
14077
9918
6
5712
10203
14805
11879
3473
1514
7536
10304
16175
6047
11751
9995
15668
3628
13372
1254
14332
6921
16
11160
3004
4679
13156
8938
10708
5898
1131
13654
1948
14069
10601
3792
9423
8696
15768
15331
11780
3989
16376
5884
5247
15566
5634
4686
3521
4858
14196
11637
15024
12796
3365
694
9335
2197
13705
14936
12085
14300
13593
7948
4752
2302
2500
3280
10181
10960
1524
7749
8636
2713
12031
4772
16307
4555
10907
5538
9668
13572
5403
7820
5031
4783
3893
629
936
2656
9471
12691
5360
1750
13918
3159
11865
10309
13545
323
10394
1669
12485
10314
8588
2476
7433
11629
5553
15870
4161
5740
15827
7744
7815
13915
8036
3873
15861
15552
6736
9314
10549
12377
13330
2034
14372
15801
13402
2047
11125
588
15251
10212
16123
6122
13917
16071
3432
14654
5175
3936
13336
16190
6596
16339
1182
1554
718
9104
15164
15204
11326
1837
8506
4887
995
604
15376
16177
12665
13778
9587
14543
12011
2424
11823
5909
6224
4414
8374
3219
13368
1366
1697
7697
7155
5461
2470
1295
384
2781
3888
10799
2559
15028
11526
13650
2440
11114
3986
6451
9606
2604
13974
7527
6166
15474
2560
16234
13071
11070
1836
4424
7210
3027
9756
5411
5921
15056
12197
64
8752
16089
7094
16126
8182
9784
6114
10818
2472
12346
15931
13245
4989
11046
11995
15262
5515
14690
10224
2715
2003
4557
1217
10595
11713
6257
9
492
11841
8515
2824
10432
4793
10576
3765
15711
14188
16235
1429
6551
6751
12859
314
6906
9213
3672
12163
5881
12052
2561
11398
12979
4319
12790
9086
9331
8616
2209
14947
11442
9130
7114
487
3905
2995
6895
12359
9266
12238
14331
15404
5058
6510
11584
8760
5720
893
14544
7401
4552
2873
5002
10067
15486
5837
11186
12898
10392
16004
3704
8291
6597
1059
10798
5053
8044
9214
14651
7592
15902
13478
3048
8801
16274
7512
6460
7799
6220
12423
1688
8445
8232
8347
15655
16128
13307
4384
6965
11912
10313
172
2696
5764
15704
2834
5702
347
6261
9197
3310
9393
2319
3139
4926
7500
5420
8268
15930
2292
12195
13523
15841
13550
88
16306
14353
6842
9912
15502
4440
8022
5481
178
8287
1995
8414
7965
9155
6400
14247
7935
13009
1216
2546
3477
11456
6626
1723
9942
14708
14599
1808
11345
13738
10647
9907
15130
2078
12252
14613
2697
5989
7861
5775
15082
5386
19
11121
12201
254
978
14681
15751
14803
12158
8295
5980
6570
4794
10925
13821
220
11506
1332
11988
3786
13919
1093
14597
13851
11224
15810
10570
9416
14934
3379
15385
3047
569
7483
11307
12782
2099
15911
14898
9896
11624
131
8564
517
10788
5311
6442
5525
1622
12294
1857
2300
3128
9906
4800
1246
10307
16003
15673
3121
13240
15640
3125
4334
15619
221
60
1870
4497
3951
11044
1276
2315
1476
3868
10324
5047
4536
15671
9592
6465
2650
1078
15191
14717
3083
15462
1177
9061
6870
7178
5990
16320
2587
5618
657
7346
559
9584
4790
4426
15642
10263
7325
7936
16199
4950
15419
8163
228
8547
10833
2540
11047
14801
4563
1073
14166
10916
15223
3773
235
6129
13239
12633
11175
12094
5675
9969
10737
13694
9406
2267
5524
4175
14414
5288
9941
10320
3689
5686
11488
379
13291
7869
3686
2000
3186
13047
9803
7674
9816
15646
5469
5453
10694
9616
3639
2340
7476
10266
10153
4798
4683
9201
10377
13463
13677
12320
192
2012
13926
3529
7942
11610
6135
12202
13984
6848
14371
10232
5612
13741
7901
7328
2845
348
6438
14512
8422
10893
3
4009
3316
1945
2312
13326
8765
14072
9174
7329
11145
4439
12273
2374
15795
11562
13288
4061
501
5260
11724
16023
10611
6448
4826
8960
9575
5352
8917
4962
7452
3371
9971
7822
13242
3380
1314
1977
6146
5961
8991
11218
1736
6817
13068
12329
4421
6933
712
12858
7105
15580
10467
12349
4112
4033
9282
2554
359
12603
12266
14233
6012
6181
14541
10980
10460
14286
13490
3399
2219
13874
7133
663
14324
111
15609
5168
1790
5468
20
1718
13299
12229
10123
13457
8267
9412
8147
6604
13453
7123
15127
14933
11880
13136
14903
7101
9519
13770
10776
9653
7625
2441
14045
14556
6568
685
2589
11649
13405
15814
1993
3248
5756
5108
9413
11191
11740
3495
12823
13283
15249
5889
8604
9487
14669
15052
13946
6267
5150
10507
14921
14175
154
9479
4699
14926
7538
45
14696
16178
10337
1939
12744
10710
14883
578
1081
6524
5035
3339
14679
6215
4029
7011
4386
5069
7383
8266
12495
8509
9190
6549
7510
14873
52
707
10528
5199
2915
10511
10501
7958
10209
12803
4894
1655
12658
637
16127
3713
6157
5479
5107
5860
5905
14260
4241
11061
7745
11119
15210
11335
10250
10367
16119
7181
2724
11050
4192
13084
9938
15349
9892
9457
7835
12968
15734
4951
3825
4282
478
12822
1936
7766
11153
12616
7952
2872
57
4746
16300
3957
11894
14490
751
7404
684
5159
13075
13696
6456
1774
2969
9910
11324
13745
6521
526
7116
14319
7091
13468
463
13020
9436
15929
11471
6967
9276
14614
6776
11333
5576
2953
2975
10318
8625
2372
10979
9454
4637
5699
3556
14344
8451
14811
6832
13913
1858
14458
6834
1196
4244
7908
7927
6854
7188
7335
11419
14759
7670
5074
1607
15391
5706
3389
7057
6023
1944
5510
1141
7782
13929
66
12511
12843
12941
8479
7442
10917
14447
1421
12768
11885
9903
13732
3663
15260
6441
12283
14917
8539
1097
8822
5892
10830
7679
14665
11895
8836
14056
4469
12778
5730
7234
16335
2261
5039
6154
3644
4745
13464
10555
3949
702
6111
4063
7635
4780
816
15137
9107
14004
7535
2527
8436
11524
361
3140
11289
8996
10370
12522
2248
2357
7976
8743
5152
13889
11139
3245
13703
11484
1805
8707
11088
8870
12440
2014
6132
14343
7032
4038
2918
7931
3787
537
610
8901
1781
15635
10007
7086
10554
10183
14205
5046
9351
4923
4831
8435
13388
11255
6094
9013
15995
15728
12067
522
6901
14212
1322
4148
4075
14356
8927
12309
13498
12014
5127
7786
13411
13196
4828
7262
5393
16060
4373
9119
4114
9785
4970
14015
10353
4813
7399
931
965
9019
5373
7275
4601
1083
14089
803
315
2880
4784
2579
14951
15906
9508
9679
10414
9927
11644
8180
8175
12412
10412
9262
7390
7254
5683
4152
8543
8656
4799
6522
199
4425
8447
15775
8062
14932
145
2007
8978
16009
15923
876
13070
15062
6191
9683
9916
12131
10703
1489
3189
10117
14585
11527
2183
5648
12923
14525
5867
8961
11800
2337
14799
15760
246
9686
3631
13773
10019
10786
6498
5408
1519
6231
11874
14137
6313
1071
7575
10767
8257
10646
8821
12036
10890
12579
2218
260
10401
12334
6829
2860
12632
6919
15507
16319
4504
8612
10592
432
2437
5503
1397
2265
6310
14062
7590
34
14033
9370
5971
776
6406
7267
5486
3763
13381
12258
3299
13577
903
12341
6120
7928
2695
7792
493
9775
6008
11654
11182
9039
11029
8444
15665
9430
5257
3520
11042
2943
9836
12943
11110
4902
12584
6605
13139
2888
13352
3677
9693
12955
1019
8211
12249
14810
768
4821
6481
10288
14712
15894
11710
9124
4142
2615
12998
5357
4351
8485
10994
14066
1583
14765
10391
7226
13976
11673
572
4267
5274
2443
14050
13321
2103
16341
15274
4328
1471
12026
4080
3011
11934
10876
8380
12474
8201
5830
7612
8767
10633
2998
12053
16160
3865
8586
9346
5414
9402
8744
12746
5936
4560
3629
13216
2807
7491
7089
7646
1529
14804
5782
11148
9440
9887
9770
15525
9460
10987
11138
8842
7505
10719
4983
14279
3927
9943
2230
3129
13158
997
9988
8401
12121
9164
7895
7855
8606
13957
5735
9060
6532
13450
8332
2488
8505
10721
7577
5353
12639
9638
14312
10374
113
1153
11827
14825
2764
4212
14557
5138
16050
3069
5422
13809
13502
3072
15970
3179
2056
14891
1393
14583
160
7850
13135
11024
7154
11325
2733
9147
991
3420
12679
6133
5021
2523
2692
11315
9323
2734
11860
15415
7929
2376
1467
9593
6530
9530
6208
9857
13927
8449
7598
9559
5189
6668
6594
5746
16031
10083
7077
3522
4287
9915
9217
4980
8730
10135
7400
9551
3233
10868
6197
7462
11388
8830
8582
3319
2068
14351
907
6266
4291
5541
10637
5227
3052
7354
9674
9623
13896
9544
4624
7857
8030
533
2029
2716
7937
7345
2936
1193
7132
835
9468
9489
988
2269
6397
8249
11052
2726
10258
10716
15914
8193
9636
9728
2690
2031
13967
5845
15577
11034
7974
11292
7380
7673
5752
9354
8841
10784
13099
8640
1893
12095
7153
11735
4863
870
14591
1075
15687
2233
8139
3329
10900
8657
1536
7943
7455
9474
15378
5981
10738
4475
2585
4486
8577
7326
4109
16057
3660
5347
13667
14897
7321
6370
10275
3277
7800
1701
13848
5724
545
14743
15681
8711
3714
2502
720
1955
11434
10811
5815
7502
6082
1381
6567
2584
15217
10453
2635
7693
3600
2570
3624
10071
9961
4516
960
4653
15561
11447
15297
4316
6326
1475
10312
11433
7249
1449
11018
5959
13410
13314
14084
6341
9649
9051
3298
6765
11266
3166
1914
12521
6274
3259
4890
10651
9499
9736
14138
7258
14293
12596
9046
11858
2405
9409
15096
13792
8322
3291
3243
8714
4058
15966
15208
6137
1259
4729
16248
13207
239
5952
1132
5089
682
12150
9182
14422
6423
15657
6695
6917
9462
8693
6403
12519
7315
1395
14281
3274
16159
12129
5149
613
14729
9385
11815
15354
2894
1653
16247
1053
5034
7198
4281
632
329
2148
11443
9740
13897
8999
13320
1960
1425
14960
5850
14762
7499
3990
8318
15888
10477
9492
8699
14423
4151
15497
11158
14879
3156
12188
3613
10092
13435
16092
2595
11746
5926
2458
5868
3207
7337
13043
5129
12804
3110
9054
12165
3330
1956
7866
13640
6734
13121
35
1686
7350
4677
11459
698
9498
11794
15199
15438
5458
3427
5366
15749
5160
2903
10500
12735
5506
606
4174
2879
6064
5324
5154
12644
11033
10921
1032
15247
5365
14630
4705
1521
1517
5070
4771
10458
573
9671
3408
8423
5835
12648
8601
4648
4249
15180
14368
14670
13162
2232
6500
8739
6156
15192
7645
11784
5805
1854
12692
11772
7229
9167
4223
3832
3135
6600
6369
4324
892
8854
6163
15392
644
8672
8893
9053
5268
4477
6938
9206
13389
14503
12863
3789
4625
2842
13177
8776
10249
13197
15648
16102
6620
4701
15452
12589
8650
13039
10255
11886
16047
2310
7348
6289
8023
5594
13123
12819
16290
6850
13036
11085
11816
1551
16348
3412
7286
1448
538
8305
3954
4525
2833
6160
8764
2020
13430
14012
5466
10653
5234
13975
4456
10024
10974
4690
2962
14515
2149
15189
2621
3061
8766
2654
14470
14578
1250
6185
2344
558
13589
236
8709
3306
8614
5256
2754
13636
15672
12170
8643
9242
14941
13404
3500
14268
6888
8503
686
12408
8632
2281
11489
7157
7244
11196
4113
563
1137
12865
8187
2156
2490
12599
11602
811
2712
13586
3920
13715
5224
12562
15858
10896
13155
8734
7541
6383
11351
10895
11697
6984
2878
13832
8992
3367
3341
1223
10993
13168
15054
3947
8935
2362
4757
2844
1187
2253
1760
4044
13890
11455
3960
13026
9025
14460
341
585
9727
3437
6044
15736
10027
1085
8207
6586
12279
15597
15451
1706
13935
11072
2159
1277
4457
14064
15243
9769
640
1127
15630
1904
754
6537
12505
6073
5052
3850
695
437
5306
161
4543
14482
609
12009
13901
9670
10022
3060
6857
5759
12610
9723
4047
9225
14506
13575
4079
10104
10163
15564
16257
7418
8508
8940
9176
11053
321
1234
3131
14982
3674
8194
11826
636
104
2979
10618
3698
2562
13433
6043
8884
14714
14439
16174
12569
7112
13920
5436
12792
7816
11856
2165
106
4474
1287
7377
6476
7320
14448
16355
5708
1549
8368
11503
7411
226
13017
939
8439
1782
8463
11552
1613
15587
16211
1068
225
156
12212
504
12494
9567
4986
2731
4163
1757
7145
8811
15372
1226
6027
10267
14149
11836
10785
11795
4088
15973
10226
2651
7082
15409
12428
7106
13033
13202
3199
3721
601
5511
8086
11648
8468
5818
3396
15286
143
10335
11573
16193
2088
3991
3085
11554
14928
8689
1897
4196
14918
10435
31
7014
16299
12295
7437
2450
3204
12250
1605
3108
7775
9466
454
13585
14295
14011
10497
8262
7647
3652
8967
14834
15115
933
2369
9543
13804
3464
6247
1383
16294
5790
13014
15545
13867
13157
3901
7758
10608
16137
7343
12462
13109
2442
13171
11715
12421
12458
3635
12780
13713
6669
13519
5536
15272
3908
1165
8406
11578
13686
16365
1436
7621
11557
6508
16006
1550
2976
577
9320
8220
4839
13222
14955
3795
6853
24
12722
10871
4153
2181
4160
12513
5219
4154
4179
7787
4415
3655
548
6140
1912
10594
9070
8248
15231
1145
15607
4500
11783
14418
6239
10975
13859
2870
13602
550
11384
3251
5276
15295
7648
4130
9180
2533
1980
2155
2578
11708
4749
7257
14251
13204
494
4817
10718
10913
2987
14980
14508
11178
13924
4189
3080
12092
5273
5692
13948
7889
14510
4808
255
1128
14035
1191
10636
6104
15505
6709
9353
282
14466
5162
15077
9059
12869
14750
10362
14358
9839
11958
5787
2538
9788
15569
15747
16363
10610
12650
938
15405
5091
8763
3419
10473
7650
5402
8241
15252
12461
4205
11028
12297
4971
4361
14415
2933
5217
3326
4972
15276
13865
16105
10641
863
15275
8628
12401
1006
4455
7092
14838
5606
4188
11296
4224
4034
2702
1845
7947
8723
15521
4806
5146
5133
4811
5557
8297
11867
7781
5762
12093
15950
14374
10773
9141
13341
4428
9338
9111
7007
1271
8626
1340
12839
4305
11852
9777
11944
2670
6195
11561
15390
12980
12143
8923
8892
6986
12795
9429
8845
2510
3759
12235
13228
1038
14746
5032
10683
6235
16350
2363
3197
3126
6170
12469
12190
14379
9106
9860
8312
3182
2178
8166
4271
8223
1932
3875
9847
5254
4051
16279
3226
9279
5478
4959
6443
12257
12559
12451
13491
11027
9030
7656
2260
2583
10599
15628
15503
11882
4333
7384
10110
1048
7516
6314
13747
6107
11144
8481
10983
4164
8048
2317
6327
7146
3234
4888
15305
12072
11745
7999
10854
15691
1143
6394
14967
10872
8751
446
15449
6256
13614
11396
5096
12496
3945
1464
6325
5059
14003
1348
12611
9211
8691
4256
6818
7252
9776
5886
1925
11328
2447
16258
12794
581
1343
14792
7285
4544
16372
11376
12292
14546
14073
681
5814
14822
4907
3333
12383
5865
9410
13105
15576
9126
12128
9644
6587
10465
9407
5700
13559
989
12216
10803
13812
4129
2574
4755
1571
14243
6872
2065
5022
860
2550
13721
10058
13548
13700
15582
6903
9876
12164
14282
6357
14051
16303
10529
4248
6415
12184
12846
7206
13494
12939
9661
9319
15044
9437
8367
12799
866
3261
7594
6869
7508
13566
6216
11738
12773
11911
3271
14005
6582
3603
4990
5919
766
8027
10725
14748
6813
6995
9042
9358
2883
2599
2411
1284
12683
9849
10451
9877
891
13167
12381
14990
2286
2978
10189
11636
2079
7409
4382
16267
6766
13151
8997
6209
8123
15153
8902
1595
10962
442
5729
15420
2808
5109
3285
7310
6960
994
16148
13018
15511
14638
15075
5185
9381
11213
6380
13331
11281
3712
942
3289
5416
560
2117
16185
16254
7609
15294
5660
3078
12759
15000
725
5605
12385
915
10200
15798
3157
12999
14459
519
2313
14692
10087
11240
8032
7061
15029
4735
9347
8524
11368
9193
9117
1200
711
4341
14184
11060
14202
7379
3984
11261
12731
10134
9329
5488
14659
4308
241
15783
791
3502
10297
10352
10792
3295
10617
11691
6217
9732
8217
1987
8213
13508
12905
16085
16077
1350
13884
6158
2758
8860
10075
13081
8688
3902
1070
3626
14808
15729
16357
4708
14074
10177
15235
13275
2399
1832
71
3002
3835
10120
14095
14444
13069
12288
12224
1570
1186
3650
5575
7893
8156
1593
7172
2852
8813
2740
3429
6050
9730
6295
5331
1677
4615
16240
16016
668
6559
1783
15057
4295
10136
5329
6083
67
12311
9573
5783
16088
5970
6007
13273
12069
2408
5798
338
2150
10623
6144
4661
10471
11916
3210
12707
4418
13546
14795
4016
2694
7150
14450
2432
155
16107
271
3209
1105
5106
13010
3756
531
1089
9823
950
14327
14740
9248
3205
1530
13944
12155
9301
11462
4235
10295
12125
7308
14382
15515
3578
10268
5831
9602
8381
14755
12628
14668
14008
974
8551
9397
15317
13737
8084
5460
8931
13791
12198
1562
2479
14954
1300
10606
15944
144
9021
5309
7663
426
8008
14076
13643
13615
10499
12726
5094
10149
2568
4045
4819
5870
6106
4095
1327
16209
2767
7548
4756
11171
4740
8565
1630
3528
13392
16172
513
13247
3075
4330
10824
962
4891
300
13760
6655
13271
14974
12498
12676
11831
4739
342
13990
10509
56
14577
4696
4521
16147
30
3384
6478
4344
444
8276
4401
12293
11586
14649
4273
15746
1172
4607
2162
15281
11371
7393
11019
14501
11781
690
7026
3227
5356
2027
905
5863
4383
6966
13752
6055
10781
15133
14593
3733
15812
4977
14235
10400
13130
278
7421
564
457
14906
7794
196
13074
11461
9399
9522
617
9038
11309
8835
11544
5645
12640
14806
2791
6396
3593
14462
13557
10167
8420
3453
16352
15265
6526
8982
14684
4917
1265
3023
3169
4847
13864
10351
13460
4850
7095
6124
14735
9382
12033
9321
2788
6428
4354
1487
13423
3553
14885
5076
7705
12157
10257
2061
13369
12529
10336
5973
1830
12403
16044
5647
2272
2129
9344
7339
4162
7777
7550
2485
10904
10717
7653
15678
10122
6416
7299
5398
13004
5063
14228
10331
10059
16036
654
11387
2452
468
14582
14100
6764
11621
802
1885
12752
14264
5862
15098
15326
8005
8202
11566
10945
10650
8843
3257
6908
10539
15797
8424
15397
9972
7366
15051
15375
8294
11924
5173
4770
12356
4545
8110
320
15319
3055
10652
736
9222
13783
2825
11583
11165
9949
5912
1626
10707
15421
12566
4506
12811
15157
16280
261
2128
5067
9870
6947
15177
15723
2175
5328
90
1627
9935
14602
14265
8000
16180
4905
15997
1797
1801
15336
6259
12264
10470
14620
3925
14737
9359
8669
9632
9843
12200
11055
3373
4000
701
14289
9557
7882
6639
5017
2519
13628
7422
7212
7859
8323
4313
2944
8459
11197
13029
12038
8282
2446
8415
13032
10375
6701
2339
13659
3409
11127
14631
7453
3304
15540
8934
1096
9871
16272
5267
16104
14828
15996
6993
15612
10061
14573
9682
13985
9448
5736
10252
10740
3910
1173
14409
6689
9652
2630
1148
4172
13949
7088
13534
5126
749
6925
5384
3335
6635
5978
15043
4052
14328
9090
12911
13077
14969
12636
11339
15187
2373
14483
15602
2037
6240
8567
6913
11538
15716
8337
1470
2305
12371
4668
14813
6935
10881
9247
1183
5550
4802
12464
16263
15718
9284
1556
11927
15846
6968
10055
15961
8398
1159
8283
4462
1013
316
8786
14629
15007
5190
2174
15913
9885
10143
14572
13635
6529
14473
15803
1931
11367
16255
10159
11405
15431
16286
4720
1886
11511
716
1634
2151
5629
15233
10171
1906
8533
1565
162
6351
1136
10690
11919
8480
13839
6822
4859
5622
15328
1643
8756
10025
11225
9052
309
286
9048
11009
8863
11084
11374
1473
13160
16136
3728
15730
13768
1967
11861
7709
4246
4208
5662
10026
7842
7629
7773
11719
8806
5428
12870
10887
8855
435
3921
12350
14686
12724
10558
4885
14349
4403
15547
4741
14639
2091
7256
15047
7118
11221
4332
1587
12384
2152
2473
6148
7302
3607
15834
2751
9655
16206
7979
14907
3753
296
1308
10284
14346
6036
9036
9442
5239
14354
767
14944
3141
2831
405
10892
6602
13212
12913
11623
14463
549
4423
7684
1224
6340
3834
9710
6096
5186
12248
14492
1807
10082
8028
7158
4243
4645
16028
2528
9810
11063
13671
334
10805
1896
12592
15367
2982
4147
13605
3923
3122
319
5484
12486
11694
976
349
7020
275
1031
11869
10628
174
1873
3858
3105
14940
4573
13294
949
7983
8370
2009
5454
11956
16041
10851
10834
887
12901
10433
13298
916
8292
15346
14040
9118
5323
1863
8007
12439
13348
49
9113
8921
13008
180
14787
13181
5079
11974
1660
2466
16144
10170
13092
10282
8877
4193
5253
3489
14524
8469
4355
13079
4547
11580
8010
5534
16134
13688
7054
4023
8116
6031
6193
11792
1642
9800
8190
14438
2521
10944
15908
1525
9305
16064
5188
15090
4123
10575
4797
11006
12099
697
12217
5122
3820
11776
2774
12077
11169
4014
3240
11256
6740
4519
14905
9604
6803
15634
8599
11220
6405
12745
7789
9588
7867
4614
4325
168
9549
7739
12977
1020
9000
10734
12535
14882
1452
1690
10572
12367
10099
4064
159
9809
2956
755
8915
438
3472
3161
54
10552
8593
643
11439
1233
15280
1215
8788
3079
13822
8638
6713
13852
8597
13412
3863
2582
1003
7408
10493
12492
497
13532
12965
5676
11059
12548
7295
9622
3519
7003
7035
13612
3894
5003
6846
10535
8263
142
5540
15283
6914
2467
4346
13610
13477
11616
6932
12612
11984
6121
4096
2055
864
12149
3549
8492
13757
6384
1139
7237
14860
8761
7630
3470
6315
2298
13762
1883
13492
3311
10580
11075
1410
2782
14058
2522
12276
7470
12614
1171
9998
3466
12720
4218
2463
11702
11830
9739
15886
13200
1970
10182
760
15937
14179
5880
15078
10547
16276
16292
12035
10344
12079
15190
10609
7288
3474
996
6920
1062
13526
8755
11884
1905
5261
9667
1190
3845
10319
5948
10179
8019
7097
2090
5093
6855
7225
12996
2107
5823
12718
536
7712
2735
4991
11473
7720
136
3633
11515
9261
4268
5358
6956
721
6982
7363
1178
15572
13817
7204
14059
3093
11720
12232
2134
13315
2416
7021
6875
10791
758
4559
8753
4520
8099
8968
16052
11417
2251
12299
14182
3709
14126
14516
4652
387
13647
1907
2314
8881
11179
7768
8578
7805
10138
6279
7342
9931
15440
4889
1270
885
16012
7434
385
1435
16251
9963
11766
14527
14164
2874
4766
14511
8338
9821
7338
7344
4634
15833
7276
13931
9577
848
9539
9542
14261
3029
12196
10231
9445
3930
14826
5613
12354
4569
1850
11846
11048
12008
4835
13857
5725
10840
3856
13606
2818
10072
3788
2981
1260
8530
13808
3942
13319
3782
8789
4833
13488
3822
3030
4778
9547
15500
5132
13243
16315
8769
5995
12139
3369
1826
7840
10345
6979
3997
14329
6698
11809
673
10371
5707
2796
11701
5584
14978
11150
13028
2938
12098
5385
3332
2143
14061
11553
6717
4251
865
4933
7449
13621
7900
5713
7419
7079
12626
2370
11982
6840
11354
14031
13598
11650
11275
15508
9103
1754
2328
8559
6509
15769
13163
1417
13176
6885
6352
15002
6437
11495
15341
11103
9255
6589
2323
8125
7996
3272
14993
3543
9127
13701
2555
13030
11481
15323
12316
12130
7804
7128
4026
4824
10849
15088
9158
1424
16250
1192
12891
8523
10755
9458
597
12491
1767
1584
16158
15213
9757
6035
3021
13941
5142
6502
7183
9165
14558
1486
12574
4493
6646
14420
8167
6431
13237
13276
11533
4660
4350
7982
13186
3467
9216
12649
2636
2406
1803
12989
15873
2725
11832
4247
6937
867
9496
11614
8728
10080
12914
1373
10109
6735
15032
10476
4633
1415
15144
14720
4710
422
1301
15977
4381
1952
4397
13788
10794
6440
9274
12893
14970
4675
13672
9249
1135
7218
7925
15254
130
11543
5573
14106
1007
10910
14502
3665
4982
7372
11113
2421
9196
12389
8572
9294
7200
8783
5956
11847
5497
8160
3887
11227
12613
11634
13815
16095
10668
9695
11300
10688
10240
4089
6737
2104
8342
6101
2425
2598
4128
1990
1040
5209
11674
8221
13190
9071
635
8061
5771
7916
6528
5077
4892
5810
7192
4603
12108
7
1526
5196
7963
7837
11967
15784
11338
15148
11409
8309
884
8049
5018
11458
13749
15819
3119
378
10326
3097
1103
11154
13535
15912
4008
392
5822
8976
3995
785
4812
12814
10879
12347
8361
7664
14334
7036
7529
12415
4550
339
15992
7240
10187
8150
7464
15739
12918
16343
11767
6972
14217
11803
8199
11079
3321
3077
9997
2255
1710
8925
14129
7381
6376
13939
1969
4413
13580
2062
15720
10093
1379
7490
14685
6081
15921
1275
14174
8101
14677
1264
670
4022
16228
2501
13208
6708
12807
11951
4732
12935
13616
6957
13551
1656
11159
14611
1598
1703
9716
4809
8038
7517
7801
4657
5509
6028
11976
4213
6069
259
7448
6648
13513
5447
4640
777
11211
3619
12028
14475
15239
1735
1590
3830
6113
5330
6470
10568
9352
11547
9711
1828
5836
12246
7813
1997
13279
4071
1263
4522
4805
324
3799
13094
7973
10603
5583
14514
7385
15161
722
5899
1662
10545
10941
3958
11222
9207
14504
4825
1962
2898
11026
6918
6493
15488
13456
5368
13516
3583
10670
8170
8945
9366
2973
2639
10949
8679
1121
8930
664
6072
2673
10838
3961
11645
9024
5737
5617
15649
2290
815
6905
5117
16042
13309
14780
15632
7080
5064
7111
4496
14821
12825
11391
8421
13346
3401
8355
2120
5181
16114
5669
14386
2234
306
10848
5180
11366
6704
13856
9077
7488
2329
7941
4748
10814
12755
13067
12693
10923
5341
4076
14298
14246
5824
3101
6707
10299
4507
2023
9507
12582
7395
1496
5472
2957
8053
8477
16278
13692
14098
11692
5457
7812
8648
4944
13226
14479
2753
10759
12740
4181
2558
6045
475
7907
7333
1198
1859
9820
5172
9865
3882
3462
2802
1465
5367
7571
4565
1789
5155
14959
6926
15941
10247
12867
9181
14853
5041
2652
368
8722
4007
3314
6275
15218
1838
11136
2022
10440
4312
738
11393
6075
1535
4487
9719
6381
1588
2581
14403
12339
9945
11264
5879
15457
982
4941
11922
11789
7574
4836
11183
434
4588
13571
2033
12397
6625
2101
354
10169
9425
9565
2215
12587
3356
1017
14340
15887
15835
7957
2264
10346
7814
8203
7289
10097
4238
3891
5277
13401
4264
16030
12110
10635
5092
6983
3418
11700
205
16061
8848
3019
9937
8834
1983
9920
10078
4133
6536
13133
5279
700
10261
4570
3669
15215
6767
9850
14131
6393
11036
11966
12699
7633
5193
14455
15629
12379
10922
13584
3569
5218
12568
13231
12278
2947
9854
11960
13173
1134
2321
6909
1763
13232
12947
10450
14157
1399
1022
7311
13928
7523
10388
14817
998
10577
514
15960
471
12269
7277
8386
9861
3203
12181
7016
3642
15383
14824
9236
12531
14929
7447
11652
10417
622
15364
3680
15892
14633
4979
15818
11149
12084
14657
7374
4343
8152
13850
3567
6145
11576
13189
7955
1331
13472
7752
16214
5315
14168
10886
1205
7572
7159
13798
15849
9970
415
397
5786
2994
9967
7440
6647
8465
6904
2569
9501
2958
11849
13651
14048
8641
12967
1618
3616
13448
3833
11844
14790
12
2571
13418
7600
11734
8646
914
10775
10293
3315
582
8155
5636
15366
14053
10998
5917
9326
8210
2058
827
298
13289
8703
12161
15398
6902
9560
11868
9902
7873
3113
4716
787
10
9355
13955
15920
13129
2158
10166
2783
9643
10141
15109
4277
7591
4392
128
7533
11978
4628
11821
4043
8538
9356
12673
274
14522
11095
1843
13582
8802
3442
12180
7714
1422
1113
7498
10933
16269
3163
1560
794
9438
9676
4871
16099
8377
2277
8031
15522
15121
14948
3411
1002
9296
12851
13685
2813
14718
5381
12525
73
4499
5206
5974
8065
6652
9095
10640
9818
9840
7755
14603
11413
8366
1581
14457
10757
14013
11808
10256
13765
1513
4869
1899
11948
844
13627
11843
439
11641
272
2563
15384
2200
8088
12057
15773
15114
7087
11259
7507
14705
6499
3854
12817
2397
882
12960
12767
16113
5794
7334
660
12048
4465
7050
15772
11228
1458
10365
1015
13989
9267
13634
2439
10315
13656
14640
4207
8729
4280
1114
8432
14160
14709
8154
5738
8189
15159
14693
1241
2810
8037
2709
12424
3824
3228
9022
12272
3710
6189
5570
5726
16195
2641
6673
1561
1330
8327
4468
201
14523
12434
12204
11663
14299
12070
15799
6025
2666
15484
7761
13644
10713
9015
10899
12324
10534
6809
15556
7971
12233
223
6725
11303
7076
5690
12060
11039
4345
15433
4262
13561
7552
12171
8460
13312
1049
6955
13387
9891
12394
3931
14625
2675
2954
1794
12113
1230
11904
9068
6890
15444
3934
590
15222
13086
4737
7769
9328
10715
10358
13367
14024
899
4194
4031
1792
1255
13057
10847
1459
9554
10856
13950
15428
16331
6077
7514
13414
103
7989
5130
1651
11425
14559
11037
15072
15850
567
15860
8818
10052
2221
5549
5116
2420
12642
6533
10687
13564
4751
12985
47
5631
10997
15165
3447
13906
1592
4769
15064
12571
14278
10722
13385
6622
9599
11670
15022
8773
7068
9684
15823
15907
6372
8383
9975
8269
12549
12602
1199
16116
13083
14547
12732
1339
8169
12447
5658
2999
10782
17
10865
626
15829
15804
13257
5774
11404
4551
8796
10940
16079
3879
25
12021
9500
3188
11122
4621
9131
11994
6004
15675
8810
3970
665
12516
11360
9662
3288
6715
7658
8431
2017
12296
15620
7090
10300
10699
2620
12688
9251
3087
1080
6398
9536
1575
1484
13262
15517
4300
12659
3535
2525
10251
9270
4198
871
15470
10559
2815
8651
8074
1784
896
8846
11525
10588
2013
7640
4974
11375
7922
688
925
9830
10113
6893
2419
4706
2322
5250
13895
8168
16351
4966
15664
14576
4046
13007
4952
15315
14155
505
16189
12672
10480
5440
6665
16285
11530
14579
6245
4419
9832
3625
150
3012
14237
1207
116
2413
8605
13921
5682
5649
8537
15767
10492
14000
9396
7270
4786
6323
2193
12800
11091
15080
15188
7137
3423
3370
15476
11249
13185
7202
14751
9690
15430
12061
12448
10308
3201
14464
589
1680
12663
9647
10620
15877
10219
11725
10728
3656
13258
1510
2566
10742
467
4360
8859
15463
1659
6954
10033
6223
1352
10924
3481
2080
9819
3213
12881
13235
1283
4788
4744
12854
4768
15972
16022
15228
723
8351
15289
7772
3842
13045
12176
6773
184
15049
2002
6896
14081
6819
11262
13722
13080
11712
10191
15896
16246
6333
4711
4997
9977
12889
13892
4115
15371
16289
8519
9707
11041
14868
15059
16226
11163
6874
8828
12215
14956
9894
9718
4400
15403
8865
11140
11755
15658
10363
12372
3026
12725
9984
9076
2287
12145
12553
11054
2084
6288
9108
11504
1721
13198
9227
4901
5554
3843
13611
5304
13422
12678
782
6892
211
2480
5907
2910
1737
15663
313
12355
3696
934
10574
10207
834
1647
15626
3604
6783
15306
13194
15874
7458
417
1841
3392
13035
16337
1503
14580
12234
3623
4159
14862
771
2655
15583
1418
6228
14410
15611
7279
4006
4727
6125
1229
1125
427
13802
2662
5296
13363
7009
12393
4702
16125
11567
4406
1336
11382
5906
910
14307
11947
6997
12669
9112
12501
3751
6060
15015
8358
14820
9562
3098
8778
12169
12765
1434
9243
2497
15318
11910
7298
2984
4981
15091
14647
13631
9697
2553
2311
11316
13690
7994
3987
14360
584
9191
7570
15875
1558
3937
9116
10172
16354
13374
7255
6753
12643
2136
13379
4610
13440
12211
9789
6607
3592
15868
12886
10361
1745
1296
11277
13259
11116
16375
535
9964
3545
11975
7774
13285
247
2169
9985
14283
16201
3981
9566
8050
1146
4649
15863
5942
4762
11657
11551
16068
10045
12056
8285
11383
2499
9940
7728
9983
1442
12634
12277
4183
13655
923
4622
1820
6519
11837
10730
10088
14615
4106
11878
8664
15009
14814
12915
12140
12144
1391
4436
14530
6183
15667
12051
257
3985
13041
9720
120
4922
7284
9529
6611
1589
15041
8159
15786
8972
4582
15475
11599
9962
5999
13062
11540
15821
3584
1809
15018
481
6246
16074
10614
11739
11742
762
15387
5338
6998
817
5027
13359
15401
5887
12019
2616
12138
11418
3007
4296
2508
13578
15
6419
9029
9900
8552
14476
6934
15693
16056
4210
10857
12386
7162
8499
4996
1930
363
13730
9049
6672
15683
8815
7479
83
13434
1691
1430
7030
8826
58
13005
11193
14325
15518
5986
7634
14442
6941
9801
219
11167
11241
5933
8270
4048
11714
14554
16162
5281
9443
11467
5228
6609
14902
1269
12124
9852
10445
10265
7313
126
8913
7233
12961
8417
13565
2459
3777
5406
10976
8851
12623
4900
546
3134
4605
13524
16215
12102
8121
2889
15304
13055
5446
15709
3634
13754
3737
11096
15172
7478
11921
14256
11936
9204
14173
5033
7347
1058
9735
6985
4693
12758
12507
14497
8712
2054
15952
7149
15680
10672
14377
14105
482
1176
5985
8724
14847
13718
2282
14177
68
8856
1037
10514
7836
13933
2779
3615
5389
8343
11498
50
12310
3878
15337
7894
2934
14550
12713
4331
1086
9408
3448
11147
4698
12137
15464
2668
6788
10205
6796
11416
13869
8388
11939
1493
15985
5949
6484
1829
2045
13787
2154
14893
11838
1879
15737
12454
302
4176
15031
7103
5841
7626
1169
3681
7506
7780
12764
6772
4877
10566
1665
10894
12068
3346
10750
14887
14209
6654
15983
8384
3770
14366
8814
2378
2901
13487
13733
105
5482
15309
9741
7405
15296
4438
10311
4845
599
10837
14587
2015
3918
4230
4472
15033
4670
14242
869
11290
11744
6989
5083
16018
11537
1714
788
13633
2893
12261
12242
4654
14330
6020
15748
9368
8762
2296
11215
8204
10199
1546
6640
11529
5492
12160
11214
12284
13357
1646
16220
1432
10977
16098
307
7119
8104
9441
1972
862
11314
1244
7748
7677
12550
15840
13215
14884
4396
1149
6203
4398
5088
10184
832
9230
1079
2396
12840
5301
3059
1903
3417
2318
7100
12607
10034
10369
2361
5081
2081
1576
4090
14965
10596
12338
14456
12604
11952
9137
6024
13220
11851
649
543
4619
10042
9615
331
11693
7027
9633
10942
5526
6250
6674
2324
13629
16271
1353
3903
9545
322
9295
10937
10121
3402
4118
10012
12880
11509
9032
10077
4671
12950
14877
10873
5136
9774
12975
3693
11246
8296
11267
13439
3172
4166
7519
9453
8507
8994
7278
4013
13660
15924
3488
15935
14153
8091
8943
8969
7104
5757
5679
403
10259
6617
15388
13784
10698
4568
14724
14113
6575
7691
8812
15459
1511
14535
14517
6527
9005
627
6102
1732
10119
3018
4872
11490
4453
13497
4388
15102
7367
5753
4709
5244
11517
7228
4843
851
3610
4420
6852
5399
4015
8733
8775
2748
7892
4954
15651
11782
607
9389
4596
12271
3479
10951
8430
15637
12622
7912
7844
12565
6343
12946
13495
2846
16380
15942
5438
5432
3242
8541
5530
6814
353
5766
1239
7459
1285
2496
1238
44
532
7205
2707
8078
9678
1382
15126
14271
1242
3955
8265
15880
6658
4402
8886
883
4599
10305
10486
14017
2308
14662
8181
8793
2661
12259
11279
14132
13617
5226
16342
12832
5087
7725
9905
12302
15432
3611
9853
737
9537
6975
15842
8161
6774
10844
10612
14139
9365
2177
13507
8922
16163
6879
10582
13679
11600
135
9950
5275
1158
8792
2070
3907
7668
8024
7048
3498
3424
8320
15725
9714
10186
6700
8359
357
14832
3497
13708
10551
15196
15509
908
12199
9932
10783
7484
1273
9250
6171
1394
12557
10395
15662
10828
13329
4368
521
2977
15925
9310
8151
8977
4217
5840
8129
9364
10349
9528
2097
5582
158
9763
11435
13517
6258
15712
14336
9292
1299
646
11057
8412
10408
15706
13734
6429
13639
9192
318
10145
13214
7169
2011
6520
13547
10411
13940
12719
6786
5409
3324
14745
9791
14026
3775
6958
4335
11098
6797
1123
13251
14161
6638
200
2343
11077
679
3659
6866
10014
10644
11109
183
13911
12280
12289
7387
6029
8076
2869
11893
8698
14761
4960
4132
3252
7260
10359
11834
4724
10963
16208
9601
4270
14189
6355
5895
3702
5694
8497
5552
2112
16312
13126
2866
7614
6791
12100
5316
3800
209
12606
165
1180
15070
10622
7797
6074
3612
10243
3917
13303
13313
10712
10011
6401
1543
6034
14411
5565
7489
4822
6678
13831
9482
9483
3794
15236
13642
13695
10625
10753
6241
8045
1386
9831
6320
7905
9767
10685
4053
15568
11758
1934
5043
14154
11164
2863
163
15285
5489
11812
12416
13170
3741
12666
13054
10376
15097
12399
3336
3621
13332
10912
7028
9275
12107
11230
2843
9069
11771
15322
12004
8470
8602
11023
8456
15616
6714
11342
15949
7961
13923
2683
12086
3994
9917
6371
3246
13476
6836
3993
14208
1090
9617
451
8929
5719
13922
11247
13652
12025
4589
5
2660
9790
6080
11510
445
561
9121
12555
15332
4925
15553
9055
11646
11287
7619
13339
15670
4391
7966
8311
3614
28
2835
10984
23
9450
14010
5543
6585
3081
15932
7776
3058
2187
15288
9665
2429
15987
2991
1738
13384
6667
12466
9523
5195
16302
4692
14919
6244
13398
9526
2714
8971
13225
1001
12433
16340
10438
9146
3044
10970
2235
4380
5238
7317
6464
3046
2453
1694
11617
7732
356
2258
10330
2608
1582
12465
2828
15884
3649
4591
12337
12942
4261
13302
13138
4480
2347
14204
5110
12786
2071
6584
14412
15625
11349
4099
5689
1567
13753
845
5415
6452
12793
709
42
15079
16033
15882
4587
3421
6388
11350
14321
15005
4283
2345
5255
5235
3215
3587
7790
8484
2365
10961
14648
9223
4999
11162
4139
4010
7413
2105
7213
672
4893
76
6580
13858
2366
12608
15762
164
5501
480
12556
14022
8498
13025
1281
9548
9307
12323
5383
6839
3206
13992
13091
14082
12118
10329
9318
6048
11763
16310
15869
8563
6110
10165
12301
16035
5099
746
12298
8131
1531
4725
12303
10675
6731
868
3254
1317
9982
3769
11173
14449
4936
10084
15684
13886
12050
4564
5298
16219
1072
8721
3867
14239
13619
5577
2346
9909
14431
15422
2338
1485
8833
15342
11359
16232
14240
8619
12268
9952
4372
4848
3293
14065
4684
5098
12405
452
11118
10452
9833
11518
9475
959
1681
972
7031
9427
7296
10822
5071
13210
1918
6177
15839
2036
13238
4969
14333
3003
2332
14441
7554
7268
8143
5603
16322
5535
15061
14121
6057
14357
400
8553
2106
8119
14253
7946
12857
2777
13012
11093
1321
7830
6221
2847
304
3749
7248
6663
284
3651
6741
5924
11412
15766
10888
5517
5269
16270
4518
11959
8620
8697
350
14125
15962
16296
10587
1051
14287
3514
3711
13536
12487
759
4301
12177
3658
11464
2643
10666
3445
2414
12991
10079
11491
4199
8953
5507
5609
6248
14727
6592
4250
8098
12340
12178
4803
792
14443
6062
11265
15895
8455
15357
5646
13221
10193
858
11012
1822
7143
327
15901
2822
13835
13719
8379
11210
10164
11842
4796
245
14491
820
10397
11469
13378
13280
8950
14957
15358
9613
1654
6531
6482
13556
11017
8536
12824
8504
13552
9561
10260
2985
13818
12078
12899
335
3727
7306
15030
8866
6474
3601
9605
14694
4787
1095
7930
6361
14747
9224
11907
11311
9079
2198
4639
3493
2377
2577
13801
14404
3632
15138
5349
4583
13024
5434
9011
7890
10815
5644
13218
12841
799
8335
9157
15480
14939
4290
14532
12847
11189
3410
2213
11234
6497
4059
13290
13263
8300
841
1027
12861
15815
6591
14465
14231
13727
4098
3407
5417
7754
7454
4349
2745
10955
8926
8324
10981
15244
3646
5251
337
13059
496
10441
4903
12148
7102
3732
11770
4942
2787
8750
12873
15774
696
11463
9878
252
12452
4674
2588
9287
13426
6675
9509
7865
15110
9023
7271
13893
16265
12459
11257
6330
13871
8442
6795
10245
14380
6963
10064
4777
5001
7856
12572
11983
3460
12971
15601
912
1705
7951
15400
9578
15743
16191
11361
13337
8667
7528
9446
3869
14725
4987
15567
6273
1628
12308
8472
12974
11411
14049
8205
12883
13789
5036
14267
2431
3791
3025
15832
21
9379
5666
2853
13076
3580
12239
1307
12536
13338
5086
15562
7004
11810
14104
3435
5547
2388
1204
11756
3086
7796
6664
15915
8799
7651
1325
11203
9960
1617
6019
10850
1077
9628
8334
2417
13776
2536
873
12006
12081
16130
13180
12263
11341
8097
3570
13756
7611
5709
9418
13758
9754
6410
10674
6391
65
9218
3573
14691
26
15787
7130
2204
8122
562
2211
366
7551
13420
10701
4988
15945
8660
12141
6792
7382
293
7416
5875
10039
6899
10898
13353
14313
6910
2325
5297
15981
14749
4379
2732
13596
1573
1203
12370
9298
5711
14378
4924
3844
6820
12845
2241
14539
10810
14915
15686
12908
2018
4429
13743
15258
4523
6777
8948
169
8462
7170
8321
3070
4242
13377
1101
13510
12667
14699
9569
3053
8438
5115
10413
15037
2618
10404
8195
16093
11065
1157
8964
10147
9640
10270
14185
6844
12987
477
14796
6494
4004
12855
1700
198
1604
9166
11353
1878
15590
7576
6449
12409
2676
8234
5901
3975
954
1602
4939
13664
3184
13192
1166
6421
12705
4227
705
6425
15460
8512
11906
5471
101
10385
15741
4195
14083
346
7721
9153
8852
8858
7669
11698
4733
2049
2025
4
11344
6169
13293
5566
14836
13132
8864
10085
6143
2922
1823
7560
13147
2163
11069
4306
1566
152
4913
9598
11833
15197
1619
433
12805
258
95
757
16045
3378
10457
661
13591
1648
14637
13543
13902
6782
953
15103
6432
2460
12709
7467
1046
11273
14890
11207
7045
15933
8924
7083
10017
15073
4039
11201
5908
3533
12710
218
6161
4339
3416
921
15777
4443
3585
8819
11972
8560
16078
12106
8747
790
12523
15764
6201
1084
1438
14767
7025
4042
11216
4320
2096
377
3468
4024
12545
15661
12928
1100
10047
13174
12704
1039
10495
2309
13
10804
15822
3176
7700
10422
9494
13827
7504
360
5496
2436
12090
2024
15958
4070
1506
8410
5202
8271
1846
507
9017
3691
9185
2949
11628
5170
11819
4122
8273
14816
5846
6450
4993
12966
10571
8644
14107
3499
11111
3297
11977
6038
13648
14600
15311
14080
15456
715
6623
3457
10190
13829
8236
778
10774
10607
12938
2804
14683
6328
5493
10632
5684
14187
11340
11659
12480
14551
7802
1856
12103
5674
5169
3781
1112
1061
4036
5212
8490
3716
1194
11666
15020
8704
3144
10763
14823
7585
15257
9376
18
14721
11202
4785
13394
2881
5519
11358
14588
1821
3056
8272
14387
2270
4340
15948
8130
5213
2210
7920
1542
5270
3980
12685
6971
1501
3300
9231
13711
3394
4678
13873
10213
15360
4528
3463
6296
5025
8527
191
11380
6483
10665
9581
2926
4505
3544
3998
11364
6513
2524
5528
3827
2817
1052
5191
5780
15928
10236
10720
2360
2829
2320
