1922
1319
3331
3522
4873
1411
103
4307
9749
11680
1327
2028
11279
155
7968
4260
1117
8578
460
1455
5811
5235
8714
6904
9410
1760
2658
10713
4774
9147
6325
6828
3601
7534
9863
2294
5446
5410
10039
10017
6169
11775
3582
2697
4402
10369
9699
2385
2345
5304
10193
1977
4013
7829
7761
4494
10191
11722
10402
6160
7118
2349
7248
7324
5163
4356
9334
10980
8453
732
5722
12099
852
8952
3422
9172
9756
3159
7335
11928
5655
10780
12005
9677
6953
3204
9385
568
10364
10821
12101
4287
3113
1705
9925
4314
9161
7825
5666
454
8009
3855
11250
2613
6593
3890
11420
8881
41
9793
5403
6499
6890
4908
4220
9950
8073
7799
9503
1888
9591
11325
1421
7472
4441
3293
9502
4211
11937
10750
11835
1397
12086
5492
9012
2314
6227
6037
3130
5383
6477
5691
1638
767
5631
7632
3394
1308
10540
1047
2209
8238
5841
6750
11613
12205
4249
7624
4496
2397
9415
478
10035
8440
1301
1226
9582
11916
2097
1544
10564
10602
7449
7538
8939
2783
8463
4951
12092
10173
5257
950
3503
8867
4642
387
3621
926
286
9248
27
12155
310
966
1342
1100
8454
7690
7956
8514
8265
1122
4216
6275
3619
6202
5713
10514
10099
11573
11028
5823
7051
6186
1618
7841
6916
2552
1171
9538
7713
5000
4554
4156
4150
1546
6614
4585
2016
9378
7919
8649
7499
10793
3102
7101
2554
5977
5512
222
9026
1352
4922
1961
11893
6318
1394
7145
8236
12271
3931
3724
6897
6554
147
4046
906
6203
8902
3591
45
5376
7533
3756
1521
11276
4867
608
984
10350
7677
8568
1020
1444
78
10855
3982
7190
7437
7561
10423
10458
5121
9518
3052
11654
2260
5348
4527
1733
815
3813
9841
11264
1662
3811
6544
8393
3572
5922
8049
9211
3431
6415
1428
2974
7649
9880
3780
4330
8116
2558
6803
3297
9716
3160
5425
9298
10918
11993
382
1246
4974
1467
10869
9647
9089
419
3686
2000
2206
6087
10861
2674
2695
169
9443
4293
4751
8540
12027
9392
11194
4898
5126
4022
2323
768
10772
9535
2328
1317
3001
8426
6007
4592
4200
6684
8719
6632
6787
9183
9380
11057
5990
1981
2742
3854
6962
6368
4151
2
12235
6078
7736
10297
967
3282
6365
6383
8407
9597
9088
10024
7842
3786
7279
2630
11946
3540
10872
1130
4532
10577
12070
8333
6047
9788
4977
660
3560
343
10098
10615
11404
1535
2267
9301
10226
7638
9203
11781
9678
6455
4552
7224
8070
1220
9878
1011
11664
4101
6324
4788
349
1144
1241
4301
112
2757
11235
5506
181
2916
7321
5870
6734
304
7052
2737
4001
6588
1386
1366
4241
11312
5587
6309
2178
1064
2491
6038
374
2395
1925
9985
5214
1055
2782
12233
8848
10647
7399
9154
10349
5605
5132
1487
4770
11424
3969
10373
6028
7912
164
5437
4766
2387
7783
7356
1867
2454
12013
10282
12191
5123
7631
11015
6433
1054
11054
3803
6435
6342
1859
1517
3123
12030
1448
11694
5131
8054
1346
1173
5460
11716
6659
3478
5723
11725
5262
9599
8516
10249
10922
1700
9239
106
11382
2847
12056
7273
7450
2984
7899
6733
8705
1250
11099
6823
2444
7314
3205
11436
1924
4763
9081
8993
7765
1693
2831
8722
9487
7966
11407
9414
9481
5366
7340
2794
4126
11917
3254
486
3671
1853
3260
472
3370
5899
6517
11850
10597
9620
11764
3647
8538
7180
4016
12196
2953
3547
10870
8123
7371
10936
4283
6276
10942
10510
11607
3165
3524
8879
2310
4901
3856
1937
1369
6661
3747
596
2580
1787
851
7471
6487
5429
8998
888
3484
7033
2493
2734
4408
2874
8868
2001
2569
8069
6246
5482
2810
416
5670
1978
10925
9039
11428
6332
7695
2342
7693
1426
2744
1727
8775
837
3622
3846
7085
1789
8030
7930
1304
5428
2536
9275
10068
7199
7016
7795
1946
10042
10546
7953
5240
7807
1816
10859
2891
1926
629
391
4008
5189
10256
4115
5575
5928
5445
8165
5313
4520
5481
11246
9135
12122
7105
11042
4476
11629
1390
3358
12165
7800
11988
8518
11940
11214
11352
54
5200
3294
9545
7204
4063
11767
1207
11562
5416
3157
3310
10903
2495
5749
11862
6935
2022
6400
3273
1002
6335
8905
10770
860
4004
11132
4550
7508
5382
7660
11535
6618
6173
6723
10317
2669
5267
751
9007
5388
7445
11055
11697
10166
11204
6762
10771
7828
9133
9541
1077
5400
9637
8346
9034
8096
2423
3333
1010
7216
9004
9270
533
10848
10181
4334
4825
6329
5127
5375
7529
5919
8736
51
4910
9112
8700
5545
7973
8630
4023
2846
5817
10019
4484
7334
4643
5825
1846
4199
8018
11627
1325
9324
9424
1256
11053
9152
5455
4358
1316
11952
10008
9207
427
4490
4058
1751
1156
8367
12218
5699
6013
9519
6653
314
10202
5210
9796
5644
8571
5793
1026
4124
5815
8019
1876
3271
8647
9971
10356
11446
11956
11073
1400
5236
3562
1648
2611
3253
10344
381
10538
4069
2887
4963
5149
2348
6181
2512
2256
1102
4290
9167
3398
3429
1225
7970
6039
12268
6956
4247
9498
5537
8294
3975
6369
3521
1019
5662
4453
10876
5205
7438
8364
11752
10
3426
8382
4605
2049
4533
5463
8289
2640
1160
1525
8891
2282
10104
10429
1689
8472
11678
3469
10898
5253
11434
9658
8944
8205
12021
4317
10495
1905
6407
3044
11383
10512
6187
5390
469
3236
4541
10705
5094
7442
6565
9425
9376
9229
5067
11307
2167
3701
2767
10428
2313
8417
2258
10295
10063
10963
5325
13
3763
3625
1508
11233
713
7038
3465
3594
2037
179
1349
3187
6380
392
3651
7656
7801
205
3673
1836
5315
6224
9156
350
3963
6163
238
8542
6968
2193
6322
10083
4653
1667
4452
4885
6175
11867
11447
6128
9614
9536
828
5244
4906
5792
6358
7031
2789
5527
12168
6185
5471
6514
11051
7905
5698
7531
4609
5780
5474
10171
9824
4690
8088
6511
10237
1911
2753
1169
11096
1784
10576
9669
5779
10151
5302
6174
7
11550
542
3155
3561
8287
10897
12180
7512
5580
9874
1854
6996
667
9304
7296
10225
11699
8141
5832
7201
1579
1363
2311
9048
2354
10100
10889
1029
5821
1588
157
2824
11978
719
326
9477
10640
2098
7215
4622
9740
624
3241
10521
2619
10706
8131
5972
10405
11933
5308
4104
1480
1999
8456
10378
5643
554
8487
8985
10551
4841
8704
4223
2955
12117
2795
5347
8047
565
8399
12017
7268
10535
3520
9125
9789
2471
11061
8220
10390
11138
261
1624
1560
2513
6426
7630
7871
1856
7289
8509
10051
4725
1852
9310
5389
11634
8000
5924
11151
10959
3789
8369
9852
6651
2961
3434
5607
8031
5480
207
6049
4579
2821
11046
393
4693
7244
5855
10902
11555
8375
10060
3311
11296
5964
11452
9412
2949
2365
3423
10190
7548
4785
9328
1721
1090
897
9120
275
83
8973
7525
433
445
6094
7617
1882
3531
4589
3202
11004
2245
5923
879
1000
6006
6555
3239
2312
11093
2382
1974
189
9709
3092
854
8855
7724
1322
6134
10280
669
8276
8412
5775
9439
1105
4883
5897
8995
11829
6116
9236
5720
6484
2384
8005
8427
9247
11242
6031
3944
1644
9577
5755
5929
8957
9854
128
10958
8246
1
7886
5223
4401
2153
4778
1968
6313
5112
1376
3485
10508
1972
8090
2672
9086
10468
11686
8685
5540
11650
1447
1993
11791
4146
3062
1372
6255
11107
1562
11396
4470
8853
1843
7586
3632
9416
6991
3061
3226
3653
1762
4640
7284
5006
6735
1523
1878
9564
9295
9457
6399
2706
8945
12071
1194
9146
3352
643
11451
3705
12149
9231
797
10304
1604
4352
10636
1052
7378
614
23
11841
4164
1557
7229
3200
10849
12058
5329
4720
3436
4613
1722
12016
8058
11193
8523
9036
11742
11115
9849
930
3227
4321
8200
2095
1200
4704
12209
11152
1847
9856
6475
5677
9138
10691
5239
7583
7629
2564
3479
11588
5770
8911
8949
1752
309
1803
3104
7336
11994
1541
3047
4432
10732
11512
1062
1962
11530
1279
8771
11590
4627
7493
6079
1490
3807
7096
898
2414
3783
9407
9846
480
4308
931
733
8475
8156
3955
11636
9676
2133
1438
8422
422
3557
8274
9675
5145
5161
4949
7865
3992
1193
11682
9650
8074
7092
2113
7405
6535
11911
2428
2898
5767
4244
12143
8504
171
3726
10072
11545
4312
10126
9374
2657
644
9902
6911
1285
6074
7994
4005
7429
6397
11143
214
4229
10836
8764
8046
9411
4823
8967
4681
5665
10149
8377
4662
8721
10996
6788
5451
9116
12212
219
10628
180
11729
8112
4717
10000
7176
3972
12265
2511
8974
5549
212
10954
3079
5712
6303
7592
7805
9062
3541
2853
9150
9809
9485
10683
10324
8397
10424
10456
4118
8748
4583
9253
8240
9419
9909
9107
11133
6795
739
10511
5013
2529
7175
7925
8695
4608
3631
6252
3400
8495
3753
488
9501
9905
5931
7239
3567
5671
4506
5281
10420
5041
4874
159
9280
6443
6936
11301
11724
1716
5679
9105
1068
1632
9357
540
8380
9714
7475
36
4747
3685
8712
10730
7654
2247
8401
1593
3994
11476
4827
9254
7933
1782
10711
795
2965
3819
3788
5499
3481
4834
10055
975
4884
3574
11406
545
1167
4749
1576
4954
6250
3779
10313
2911
7370
5456
1422
11220
632
650
5681
1274
798
6809
10585
5295
3467
4078
396
9972
7319
5856
7360
5432
1131
119
1149
10136
11281
11416
4254
7641
6755
7264
347
1858
8374
9332
12242
12018
3432
5005
9494
5560
7546
11170
10213
5160
3380
5787
5470
3000
936
4093
3269
7427
7867
10971
3718
6520
1587
9939
9318
9504
10385
8826
9605
4306
11873
2881
504
2545
4045
2661
7476
10916
11412
7993
5384
3999
8243
11972
6192
4595
8969
9019
7957
4660
6794
6598
6249
9952
1608
10606
5592
2416
10626
11442
3342
4679
11238
6870
1439
7312
10005
7515
11950
560
10724
993
7323
10371
7421
7161
625
4659
10741
2885
11541
7225
8960
184
6401
1430
7170
5174
7293
2718
7027
2692
8908
6584
8909
4354
2421
1956
10563
8095
3725
3060
6500
11398
3895
11282
211
2482
2917
3716
12174
6824
11461
4801
7943
11741
5978
606
5828
6386
7396
425
2570
6088
9212
1982
8607
2191
10238
1410
403
9516
6585
9296
1065
9336
3329
2125
6100
8217
3116
11858
10913
6641
2696
8895
7939
10702
8432
7692
8201
3278
4264
10342
6950
1147
6069
10438
4982
9075
8478
4563
9232
10182
2906
3114
2301
11865
6439
2142
10994
11806
9818
3713
11527
10106
2212
3232
1037
1489
2056
9598
10103
1792
1939
10125
8996
789
7747
5633
5293
4123
420
5232
258
8854
8249
1347
3063
4961
11533
2780
11108
9685
9584
2667
2546
11292
12167
7628
10387
8193
4256
3773
6657
3158
526
3143
1399
1066
2249
899
5748
9144
2278
5524
2786
6997
5335
4811
3138
10205
2356
9568
2595
4017
7221
3442
9803
11118
1848
8343
10032
2188
3545
12146
515
6362
4180
5068
587
10451
1682
2102
7021
1360
8206
9431
10087
10117
7547
4971
11373
8331
10973
10026
2592
5085
7139
1022
3954
3376
8740
3916
5330
3156
7432
6327
10071
10079
5511
6816
9877
6278
2287
9791
2388
6961
9965
2229
7166
1873
11776
11221
11989
6572
11888
7265
8591
7192
5970
257
3115
1570
1450
9015
4618
11845
10261
4824
6650
3460
3927
5552
12050
5636
2519
9844
11488
8162
11000
2368
7024
7797
890
9096
2152
1336
575
8683
5647
12273
11855
1550
1379
2283
3030
12
9731
8784
4324
2360
11164
4663
9531
6545
9098
7781
3583
5104
2976
9587
8918
424
2764
5864
8109
4499
168
6381
1362
10682
601
9338
3864
3500
5901
5555
9345
9413
8632
5164
5218
2392
3889
11385
5072
8691
10604
4160
11670
9375
12153
8612
6678
6411
8863
8506
4077
11075
6769
638
7474
5526
7011
3190
12234
3660
6831
6114
943
1413
6728
1879
2606
9474
7559
5096
9896
5421
7048
10065
7252
11174
9635
9505
6127
7597
4677
10842
1112
4390
5270
3558
7796
4517
5459
5502
7261
1647
4590
154
4171
8081
11272
6446
10459
6010
4250
1483
6472
7872
500
116
9838
6437
10155
7108
7739
1085
4724
8779
595
11915
933
1580
9908
519
10453
8940
111
6529
2226
8624
1418
8452
8267
5478
4366
6778
1794
8648
4665
4083
2963
5246
11131
1113
2186
9603
9194
11603
337
9630
5395
1709
8107
11502
2048
3565
6014
7710
4007
9127
2946
1598
2347
7884
6822
2362
11740
8015
7084
8729
9314
3137
7730
2351
10598
2849
3804
5885
210
1500
9712
11232
636
7214
9768
1892
7081
4163
10034
1872
6157
7894
11864
11524
4684
6480
808
4889
8172
2431
11782
11239
10259
11103
1865
8120
3645
3899
4775
2072
4482
10646
11594
7344
1957
492
11795
6939
12015
7813
1307
1594
10116
9119
8671
11095
11211
4878
9730
1788
10944
785
8728
11925
5231
8437
1614
8883
7292
6149
7669
7311
442
5147
7853
5342
5265
4547
8391
10799
6561
451
3002
8536
10448
730
1181
5090
11240
1459
9780
4988
235
4473
2457
5668
4433
5938
8118
7155
5869
4932
6040
2603
1395
4941
6304
61
8817
7103
2214
6067
10978
5078
5453
8982
2522
4818
8706
6129
8347
8147
690
8360
12184
11623
5217
5489
1681
6981
10637
11334
6154
3418
7718
5226
10507
8313
371
600
3840
4443
2798
686
8894
6387
10029
10285
6370
8844
9134
8055
1067
4853
4709
2524
9565
5100
10582
8550
8102
8148
6260
7226
3483
2432
11493
11675
1458
244
10267
9998
2920
6344
3065
241
1671
10826
8390
6230
10814
2585
6777
1244
10513
1431
11969
6925
7160
7926
10589
6672
3682
1038
6405
4419
6022
6307
4121
10530
8207
1683
10924
63
11248
3506
3595
1259
9661
1403
1676
8184
8079
9550
2277
9526
957
11875
6306
6091
10172
8425
9546
7999
3154
9003
2714
2194
7347
9670
3319
4620
5178
5717
9687
5358
11483
6671
12217
6714
9278
7523
978
5776
604
4731
3845
5579
9489
9360
756
4050
3862
7873
7540
1805
423
7910
5706
2136
213
6351
6413
4999
7549
9466
1703
6538
3373
4349
11247
6200
11243
2582
7207
44
5991
8196
8991
4880
12110
3915
8858
5521
3677
10515
1497
7430
3768
6417
10328
231
4759
10293
4803
1643
5635
11662
1617
1769
9562
7359
8016
7527
481
8239
4833
10976
1094
3371
3549
12062
11260
11579
6016
12072
1785
4159
2638
6473
7972
5896
7424
4935
5902
174
6886
9644
10927
6924
3449
11284
5976
8710
8341
11981
8212
6492
4621
4911
4514
1209
6677
9636
9725
3228
6385
2419
3015
11401
4671
5019
1230
9464
7080
5687
6110
3812
594
2157
10081
6700
1353
10612
3207
11745
2941
10668
3292
9888
298
4863
2484
2101
8183
8680
7098
9083
10235
249
6621
4728
10800
12251
9613
11771
2422
4323
10310
10376
7006
1035
12019
7165
6139
7115
48
10757
1659
2741
11495
4916
11249
11121
10698
3814
7073
5531
1949
11589
10578
2873
12112
10033
6629
8254
5764
7748
6035
9327
7479
12098
1877
5948
10673
7497
8513
9113
1034
5036
10040
9624
2943
2725
9482
6906
704
10007
8271
7182
6412
1651
6297
8098
10779
6217
1723
1581
9743
8133
7667
1321
9256
2179
7927
5106
3397
10462
305
2426
760
6474
11005
8484
3305
11227
5051
3180
6825
1665
4055
2115
3867
9293
11816
2057
10470
7835
5542
4450
10380
11908
6560
10525
5402
9862
10474
383
7398
5468
6938
6210
5476
10548
1829
868
9563
3472
9672
7327
10443
12255
9524
5601
7979
7412
4119
4718
8168
491
287
172
9602
9726
3077
8590
10680
2544
7604
3648
5708
11323
2907
8717
9748
8024
1142
3364
5042
2370
10877
9509
313
7299
11647
2031
10645
11059
1695
12057
9747
6479
2502
5596
10934
10874
8345
9618
4406
7339
4028
10915
9957
9433
9111
7362
6048
10142
12206
6025
3832
4760
9422
8152
1866
9679
8151
9403
10391
1795
9641
3359
1217
11803
11578
702
4726
5405
7657
11574
4436
11187
5818
11202
6353
5349
11953
3628
8285
5715
297
10559
8906
2802
683
4580
4029
4319
12136
5286
5616
8636
3042
34
2053
6917
1841
1971
5949
11327
1754
2745
4764
6452
2448
7773
9527
11395
5407
11711
3076
2187
7788
6780
6645
2527
11183
5485
11844
1478
3416
9421
6784
8318
9072
11980
2071
10291
11667
10464
2634
963
4076
4715
8062
6101
11643
7514
1719
2290
1622
447
6736
3665
1958
1393
11203
5620
2987
4947
10447
588
9472
5401
8218
67
5943
4545
10832
321
4059
4027
9255
2276
11066
1464
11974
186
9428
960
2078
3163
11386
7463
8163
12059
8770
6331
8744
6177
7071
9228
2453
6072
6827
714
11505
7643
6461
1328
10990
1028
2944
2664
1075
6419
10351
10571
3452
2492
2190
9711
11991
5798
810
6532
5973
3447
253
8415
2951
2587
160
8296
750
4953
11353
7757
6070
10296
7891
3580
9210
3823
9473
10232
4924
8332
7946
7608
646
607
5077
2237
11076
6489
9588
9653
576
3678
3690
640
7678
6882
4410
8230
9999
9158
5777
5591
3214
1006
8907
362
845
1233
3490
6179
11848
11179
8128
12179
11026
9174
7798
11996
5117
11331
6123
10529
2012
6844
6892
7197
2649
3950
9426
10186
6170
6153
2375
8224
10933
12002
7309
5413
8643
4485
8468
4598
53
10195
7254
11014
1694
7223
3321
1501
10347
8878
4442
10502
10374
10843
11216
3796
7060
10407
3670
5676
2264
11006
3088
1229
4869
8726
8698
3195
10997
7545
1445
6012
3338
1601
6624
3879
5440
3470
9288
3233
9244
3135
9833
652
1123
5556
7269
10798
4267
5113
57
5762
12064
7653
1208
89
9963
5095
8
12104
670
9282
12252
361
8512
11661
8834
7393
7162
1012
3178
5839
3050
9646
1670
3021
6759
11522
9855
3480
2665
461
10329
4068
8027
284
562
919
10819
6820
10322
4184
3037
2274
8862
10041
10518
3977
3810
2346
4070
12246
3211
11318
12034
717
8733
535
3765
8791
6883
772
10725
11621
1923
4597
5669
6858
9929
4064
6900
2343
850
11732
10912
2322
11295
12160
6785
4437
11982
956
11330
7754
8577
348
11690
7679
7612
11135
7181
10519
2400
9995
7235
7134
3951
5061
9707
9131
10252
10445
1005
2296
10728
7375
861
6601
6812
2884
5025
3051
12287
11660
1910
7743
5611
8494
9954
7213
8441
5674
7924
2032
12003
923
6109
4483
7553
7386
1775
9652
3059
11614
2813
6893
10333
2565
5271
2539
8732
2521
7490
584
6343
1043
6841
8760
8951
9629
4762
3957
3250
1479
2062
11887
3907
295
1697
9423
10009
5014
5809
6837
8490
2458
8297
7787
4687
3746
3662
7062
2862
4246
3742
6285
870
2103
8581
7001
5280
6333
970
9234
12142
6764
3337
7846
9993
10188
3863
5843
9016
9320
7705
4417
8654
2036
9186
8570
11158
4737
3859
6859
2833
3129
10549
10049
413
10541
1203
10553
3936
11346
10838
12253
6559
5427
7441
1918
4489
3385
2950
8828
9717
2520
3456
2303
5229
524
11959
9900
1545
2698
9899
2982
3849
6261
6118
4448
9109
8124
1457
9068
7711
11849
10133
12190
7374
1417
7971
10157
6155
2713
4991
402
7752
1476
4044
4153
3852
6566
8815
8013
9611
8703
11090
7069
9209
9101
5010
4176
10144
11350
4286
6099
92
1281
193
11730
706
3664
10370
3390
8366
7648
9983
9622
8620
10593
10882
2642
3313
2837
7367
11652
4288
6372
292
9294
4074
9140
5533
4969
6660
2912
9030
11154
75
1290
10265
8134
5249
1046
11062
5559
2775
4574
699
4973
10250
5102
6655
6907
6694
4682
1539
3106
5609
7563
11340
356
12121
10909
11069
10169
4215
8310
605
7707
8330
4372
9836
7167
9401
7480
665
5323
3740
734
4098
8198
7856
1945
11619
5062
10840
4528
1807
11649
178
10981
4363
10905
1906
10315
3217
8803
5099
12185
3687
1001
2540
6180
1563
9551
5909
6918
3022
10146
4266
3615
836
6081
3800
9192
12080
9042
10824
9843
7735
11602
10643
7621
10384
357
3389
10069
7614
9272
6131
555
1165
2937
12093
4378
12008
11539
2594
35
5333
598
3140
11342
2947
9575
9870
5048
6610
5054
8061
8372
11521
484
10767
6105
3838
4026
9450
564
1063
8558
1678
4647
9110
6521
9735
3535
3174
7291
4685
4965
11402
2563
9919
4845
8981
2503
5274
9553
4667
1629
2655
9920
7489
29
557
10231
8273
11343
4716
5408
10434
6548
3614
4305
7392
4846
4998
1179
4654
6151
5695
582
6948
1359
5532
1320
10037
11591
9777
867
5879
6815
3960
657
7257
9561
8488
12254
11760
8958
3905
2281
11762
7203
4060
2500
352
7509
1488
11448
4127
8872
1383
776
3326
6972
8208
91
4638
4102
1153
7075
7495
5009
10881
3184
4868
6589
2174
5630
1903
9391
10284
8623
5791
9893
9827
3757
125
10220
5241
173
11273
1358
7373
7982
5283
9953
7270
1309
4903
11954
6901
3038
10311
3281
5203
3348
769
2932
1505
4181
5985
5563
4636
2590
4553
10930
1427
2969
7626
2198
10479
10591
5848
5120
8942
6057
9479
3424
9764
9315
9671
3995
4691
3379
6208
2089
2707
9190
7977
2673
6234
3107
12107
8926
3419
6176
1766
11479
10145
11731
12036
9686
4512
1266
11466
9021
10527
11642
7382
11484
1294
7217
9627
2914
4020
4168
1463
4047
8335
774
2930
8242
10523
6702
3776
2918
5842
2063
4966
6945
11773
1992
974
8038
9528
1031
9814
9372
2643
8420
3396
4968
1881
10073
2004
5658
3019
4984
5316
6388
5808
10070
12115
8204
696
5593
5224
7255
4510
1182
3657
8605
4141
5986
10696
2010
8787
11438
3071
563
6960
4399
7004
3327
6222
3829
7877
6971
3642
6295
9341
11609
9352
2050
7005
7379
9947
2929
8689
7945
11228
9808
3197
5673
5640
9480
11063
1864
708
2463
839
6806
958
10216
4624
11561
9600
1812
9567
841
2660
7683
8199
7557
2525
4839
7185
11140
5058
12043
11805
7036
4993
1164
5190
3464
6119
11467
3283
8363
8510
2730
9216
2337
10272
5529
10433
7530
10758
741
3990
1186
4975
1243
10179
5711
11080
4708
7854
7483
2315
11796
6613
4575
11798
1584
3439
622
5394
6767
10565
6316
5536
4355
1425
7681
10888
5155
3581
7014
2904
4179
1512
9118
5188
7978
4683
2716
2722
4625
3280
9010
4896
7940
5858
1030
11031
7995
3576
9872
10414
5731
10722
4562
4564
7173
8956
2003
4327
6145
880
3984
6944
320
113
162
9142
5812
2731
3843
5046
1514
2596
6321
5355
7316
9383
1286
4167
262
551
5634
7510
1636
4865
7453
243
11176
11410
1711
5729
8749
5914
6528
8153
2504
1919
6279
4195
1051
4996
8028
8263
2135
5735
4174
11537
10526
8245
9261
2165
11772
2280
8177
3334
9754
2999
1412
3453
1280
8660
6617
11378
1891
2931
3841
3526
6266
6339
6817
3182
8745
11025
12044
5847
5361
293
367
4635
3126
3124
6136
11891
4650
5961
10871
6453
6191
5108
10621
11400
11197
5287
8087
10764
3639
363
8812
3834
2623
11291
6625
5386
8575
4367
688
11657
647
1148
2160
11726
4018
7634
680
227
7102
11567
2890
6301
2047
7700
6663
4652
10159
8821
7179
8927
4187
9936
8871
7413
9828
3387
11086
3566
802
4263
1499
9757
9851
10251
7569
8877
2682
4242
100
9447
788
4120
1099
5098
1729
559
8930
6338
3886
3196
10337
10993
3787
11585
553
1602
3542
11038
2331
7110
10991
5404
10774
10823
11337
3715
5063
1520
1677
7902
7420
4634
2967
11748
10550
5769
8215
1735
81
2121
10802
11705
8477
9018
1481
6402
1553
10416
353
813
1341
5170
4492
1018
6701
7976
10090
8517
6846
12128
2451
4882
8082
3802
12035
11129
9811
2379
7820
2394
5872
4786
11269
7665
9434
11955
5034
10137
1039
260
3458
259
11414
10229
3816
25
5525
2234
10858
824
4678
3258
5318
11490
344
12279
5138
11851
512
5434
4341
11241
3884
1139
3257
9173
5442
9463
462
2321
9690
2046
7228
8838
7050
7823
1745
9189
2494
9911
8567
6516
4498
8837
6178
148
7558
8436
6265
10368
666
1698
2241
6863
11092
5212
11333
355
1893
8348
72
2386
3508
6894
8001
10929
1988
11010
3767
983
5424
5284
1133
490
10894
5572
6597
2760
4122
8819
2518
3492
1527
11391
6429
1736
2703
4706
11684
7156
7513
255
8519
7119
10331
5136
3341
7723
5336
4879
7267
3340
534
7686
6045
9458
8677
4296
10926
10246
10230
9496
3261
11361
10243
9155
1078
12068
11195
10198
404
6225
3732
10689
1190
3762
6112
2869
11892
8788
4701
11820
5750
8563
7651
9102
5584
6317
6140
11455
5789
8970
1652
8187
1941
2981
10228
9830
8290
8625
4331
2019
794
1747
2620
10707
8723
1960
9579
9326
1556
5179
2751
9961
1292
8161
5612
4840
3722
7456
1655
10632
7400
4776
1206
10430
12215
5064
2232
7141
8646
8934
4521
124
2211
6703
514
8355
11610
2903
3188
4233
3491
6865
9988
2507
9043
10442
11655
8884
9554
9694
11178
3132
4697
3617
7840
2729
12202
3256
1743
1141
10756
977
8885
10988
6323
11443
3835
9662
8315
10531
618
4446
6346
7477
12144
1649
7859
6348
10260
2996
9948
4096
7205
143
8500
3684
1894
1883
7387
7364
1612
2396
4130
46
10914
8143
2369
11807
8072
7307
11463
10158
840
2042
6686
2285
10089
9576
9797
10600
1161
6958
5294
9058
4133
11836
4276
4486
3926
9218
2551
11492
3249
3948
4414
1718
10277
10517
4481
9515
11415
4422
6450
9451
10625
3024
8400
5495
6268
3244
6562
5199
9901
6643
3427
8522
5092
2225
32
3100
6328
3514
3243
728
685
10050
11659
3836
3956
3758
146
4003
4435
1409
7879
4493
4239
2155
11936
11173
8790
7720
6839
4360
3489
6973
6144
1471
6697
8535
5263
7418
360
2139
11175
2958
4516
11408
7439
1201
6531
11084
2259
1462
3057
2995
2652
6115
4986
5449
7572
3517
448
3433
4586
1820
1590
1827
3909
2128
6245
5038
2220
7315
4394
11641
8557
7461
7129
10789
0
6098
10528
10587
6707
2727
1103
4391
9029
5700
8396
11496
8381
5794
2883
3017
1575
5477
3374
6708
1531
12095
9476
10596
8694
5233
9050
4630
6390
6427
10449
1314
2650
5289
1595
5930
10833
7300
10388
2628
10723
3745
11441
6281
6722
1724
9279
8751
2070
3590
4140
7909
8300
1293
6509
10164
4856
679
8135
7745
7143
583
226
10148
2691
9484
3161
8789
2033
9259
2505
8856
4019
8642
952
10782
11429
5692
2938
5690
11600
11895
5462
7658
7241
3704
5694
8804
7132
1178
1378
2462
7759
6636
9684
10633
8984
11225
5806
325
2790
5989
3401
8479
8882
1776
7317
7955
4796
5
11465
9543
3420
4804
1586
10204
9271
7065
3162
4117
2771
10744
2150
1364
9093
4251
11039
3968
4980
2081
9069
4075
4983
1900
6159
5469
4944
8295
11626
1440
4467
7792
8747
1835
6061
77
6239
1969
10207
1465
8543
8574
2429
5350
4628
7581
7779
552
2766
7112
2610
4404
7153
1756
3455
6141
6360
782
11083
3857
9617
11165
7025
7680
8656
3417
7647
8874
8777
6216
10362
10319
9917
5352
2425
1730
5608
5398
3459
10650
9002
3222
6984
141
3764
9887
8309
3766
543
5883
240
4772
8652
8485
9839
2612
7385
9560
7929
8531
889
114
7200
12135
3985
8737
9442
5504
10222
6534
2758
5727
1781
4919
6445
3605
6410
2861
8248
5159
9547
9763
4777
3515
11357
1740
8798
4278
9258
2934
9367
9781
3040
10862
8213
6495
1017
9094
2954
3168
4234
1786
4799
10208
7958
3039
7746
8845
548
3866
5011
7206
6869
10857
3911
3497
6799
7579
2026
274
5069
8776
407
7428
8754
10067
4958
5837
3070
5637
2372
3003
477
6609
4649
12201
9060
12204
2076
7133
1453
182
11283
5967
9079
311
10062
1712
2735
1242
4875
8526
4887
1223
3468
3828
3626
903
4997
2668
5150
9955
10153
964
2262
7836
5927
9819
1356
9825
2021
10194
9159
7462
5903
11215
9914
10547
2171
8766
3695
4110
7055
4152
8556
2684
5181
3772
1172
1907
421
8987
10937
9586
6126
10573
7322
7703
11338
8975
4427
7345
8978
11884
4445
5583
9178
2755
1772
7093
5781
4771
6283
6605
9469
7236
2065
7294
1753
9664
2902
12132
5641
8696
5940
5309
3744
9632
11089
530
7887
11319
4782
12131
175
8928
7948
12075
1574
7789
166
6345
9926
10834
9157
9649
1076
3075
11104
8917
3738
2933
3851
6732
5979
167
3570
4072
10939
11942
4733
9478
6581
9409
8588
3251
6085
6921
3934
10693
1871
4529
2041
659
60
10080
1646
5932
571
12025
6272
9682
6563
10325
7554
6963
283
7528
10180
10469
11437
5142
9722
2353
5154
7935
3450
8673
6937
85
10638
2417
11542
9987
10501
11808
6789
8256
5359
7486
7015
1986
6993
1758
7609
9145
11616
4713
10491
3712
12141
3141
12089
10841
2246
1902
269
10097
9220
1138
2915
7423
6692
9059
2676
5328
11422
8020
1543
5021
2059
4155
303
5734
56
3797
9486
6483
7422
3530
9817
1140
1283
4066
2840
1004
8687
2371
2319
12126
8012
4386
2687
2107
6076
7775
1607
312
6166
968
2985
12158
6122
1049
2094
7458
2497
9932
99
3609
9405
11077
1947
8466
8582
6089
1571
10768
3248
4828
14
4661
12073
10102
770
11020
6790
10851
4952
2899
5070
5952
3887
9269
8159
1041
4750
11027
513
4253
3270
7275
4471
5996
5543
3996
1940
8746
395
3602
11922
3164
5029
11251
511
7202
6564
7457
5357
1896
6818
4761
9000
10121
2336
1036
3362
8210
4979
5089
5618
5298
8445
10287
3588
3013
7124
12074
4054
7459
4081
4808
3152
2765
12159
6952
2726
8292
7488
8132
3919
2269
7183
209
5554
4723
9273
9938
842
10048
3181
4812
1802
1834
6243
5002
1559
11445
7992
2110
380
9631
9393
6752
10830
4741
6740
6523
9065
3413
9017
11896
6494
2675
6896
1822
10617
3097
8455
4488
6356
826
10747
1361
7035
7313
1189
8929
1532
3970
9281
7907
9456
80
6288
10761
6189
1097
2213
9723
9912
6753
6485
7584
2547
8499
5604
4377
4890
1128
6055
6158
7827
6868
6612
11735
7446
6687
6933
7791
7238
9071
792
1298
2508
11127
6940
1032
2228
8359
2066
8903
6270
37
4227
4902
5213
4420
4479
3172
8352
4797
10868
11951
2461
4258
1343
10690
10054
10727
10025
3009
2599
8365
6805
8160
634
4573
8339
9765
8384
3127
996
11833
12224
585
4524
8961
76
10932
2452
9513
10298
84
3784
5947
354
6633
9980
507
3224
8809
7164
5219
8688
12210
1565
11421
2855
5109
3010
1222
11091
9240
5420
386
11653
323
7491
3573
3777
9976
7337
1720
5084
755
9860
9610
2501
2761
8916
4822
924
10620
6845
4610
1071
5215
4474
5341
4387
12270
11801
401
6092
3014
7053
3475
1658
7619
902
4676
3486
9869
9940
4311
2510
2635
7986
7571
4183
1334
9346
829
623
885
2298
3289
8492
6434
11303
5444
6308
1773
5702
9169
1255
5168
6525
8553
11846
954
9766
3350
3131
8702
9213
5137
4955
8181
6705
1306
7227
9713
3312
10688
3986
2055
7194
8662
5033
3105
6213
459
5900
11159
3584
4945
4700
5024
1389
1074
11139
3675
4465
4539
939
3750
8244
97
6130
3383
6519
11968
176
8774
10395
5648
3386
11523
8460
4383
3991
2823
39
10489
627
2257
7008
9067
8739
6501
2398
7094
6506
6872
11068
4343
9241
7433
11534
5688
10210
7938
5824
11111
2286
8014
10236
6884
11070
1216
8552
2105
4285
10361
10156
4855
11160
8503
5435
6840
1583
7271
11984
6146
3034
384
187
11633
12011
5139
4523
10140
2705
3638
1569
6867
4346
10154
5911
3316
4099
7906
12085
5035
11166
6389
2541
6083
5530
2338
1496
4518
5664
6371
6640
11723
6616
10321
9299
5852
7277
11003
6604
10807
6376
5216
11205
9720
398
3781
1768
4836
677
5782
5362
4730
11181
5450
9396
6290
12127
3853
703
1959
8084
9449
1860
11714
8439
10853
3680
12189
7305
3046
8433
3830
1492
5371
4109
9445
2373
8125
5079
945
3842
628
8324
8820
10053
5585
2857
11593
537
9571
9873
2447
11560
5704
2203
1645
8158
7174
3498
3634
8326
3795
10623
8600
10864
11549
6198
463
1348
8947
11377
9773
4052
10203
7620
7245
449
188
12219
2474
4535
1975
1288
8548
7116
12227
6577
11683
306
12087
6465
2850
9742
2997
12269
134
5834
3041
3993
8144
1195
428
1371
6053
11749
8718
8807
8935
8802
3153
6949
10891
920
10417
10410
11081
7262
4272
2838
12171
7070
2333
8066
1284
4629
7821
11812
1884
558
7095
7100
5617
307
11355
3877
6599
10986
5228
7709
3287
7954
12116
9454
12090
2468
6876
10669
691
7440
11320
1908
493
2562
11581
8227
10339
10697
9187
6469
2867
721
11507
316
4536
10733
8325
11823
9166
4144
7388
5745
9638
532
11009
9394
3627
736
7562
4854
11013
1405
7755
11800
4787
10463
4320
2700
6273
2265
3696
5877
10935
873
7285
1731
9063
5685
10262
10147
2485
8873
10731
6024
1954
2860
2939
1155
569
7847
6718
9181
8203
10769
4036
9681
11148
536
8493
2717
9500
6549
6848
8610
11369
10893
8859
3861
7117
3717
2841
8065
11727
11305
8549
8314
3774
458
8869
221
2067
7020
5753
2683
6905
6064
8823
4469
3548
12262
6363
9400
6513
1104
2020
4459
3463
5158
3616
11785
10506
1996
12192
9928
765
5378
3064
4511
4931
4888
9104
3454
4936
12177
8051
6926
834
10847
9342
4376
3987
7397
709
389
4049
1796
10082
11632
2708
5052
5766
10953
2516
2409
9706
4582
5889
345
9642
7588
10139
6630
7372
916
6418
1613
9170
9779
10052
7816
5017
4899
11056
5758
10910
7987
12077
3529
6965
282
12175
11909
4335
7564
8546
11190
8299
1666
1407
5957
10497
12285
8759
10294
8115
6471
7662
9615
4920
11147
4304
7353
8026
6821
3
1690
6756
11536
1634
12111
1668
8593
2268
6947
4651
5134
5756
10257
11470
11257
9377
3109
1673
2252
2560
10955
5851
8431
7524
2575
216
8063
2774
11358
11967
10064
6004
12051
11778
7507
5801
9448
3833
1823
7952
3667
1315
8813
149
4897
10437
8349
2548
1237
969
1324
1231
3028
1777
10524
5581
11002
153
7687
2137
10701
3193
1664
4719
10627
5331
10943
2839
10630
2784
7411
4928
5028
5045
6676
7716
7107
8639
11016
10332
5672
10316
6201
3089
6582
2702
9663
6758
7550
10118
10663
7301
5737
9798
3005
9729
501
9718
7468
5326
3307
7358
4289
3586
11869
10219
7706
6626
4411
1091
10493
8408
6280
8606
764
2202
8435
2358
9921
849
9373
7731
9073
5454
12187
6138
11878
6330
11733
6583
11072
12275
6748
5800
8462
9001
9444
8679
11191
9525
3554
268
9945
3629
2983
8392
1927
10792
2498
6034
8281
7819
5548
2166
10687
5908
7984
10748
2666
10556
8209
735
3058
2924
5953
918
5412
6436
3965
2215
5836
5888
2196
4353
541
11810
8709
2799
3011
2888
6505
6923
8661
5237
6881
6209
2227
2420
6241
1396
5920
6298
4795
1258
8398
8388
5458
8050
10879
10023
2678
9313
11708
1118
10970
9184
4177
5686
10887
12278
2814
1985
720
3876
7593
7824
10411
1821
11746
6696
8532
1096
11370
4686
5874
5639
4340
6515
1108
3344
3049
11430
5461
1373
5242
938
4546
4705
10233
4850
10822
7494
3775
651
1920
5894
9574
7232
8053
11047
3649
8915
2980
4734
2169
7963
12103
10749
2216
9673
10113
11261
7303
11094
6422
4540
365
2210
1714
152
1765
799
6556
6424
5354
10762
8307
2393
2803
886
4537
2455
4000
5765
11872
2704
6482
2318
4543
10278
4149
4088
5693
1197
3556
1115
10200
973
1706
11938
7890
5245
6077
4866
9511
809
7942
5813
5324
8021
4859
2588
2411
9540
9890
4688
340
10920
11787
4080
3748
1650
1267
6263
7198
9521
6504
5411
8371
2778
7565
10413
10883
4361
9865
1991
2535
9566
4440
4805
4073
10566
3901
9997
11459
1825
4558
10631
1936
4344
3219
4089
9990
3110
5422
11538
8250
11918
5602
10093
224
6011
3315
1564
4576
8113
6550
2573
10006
4273
3378
4831
8852
9176
11676
581
5393
7157
6522
5853
6133
3440
9475
11198
1606
10642
3149
3914
7487
3924
468
8373
7689
11071
9455
678
145
5279
2111
10982
1025
1964
8423
11766
11769
5984
1780
10485
10666
10561
12042
3552
11885
10685
4821
6765
7195
11182
7858
1832
521
204
2273
9688
2170
5795
6669
2990
7266
8857
329
6543
2200
8672
5680
11293
3912
3551
9387
12286
10365
2679
4210
5689
10389
763
3185
4767
8616
6080
4978
271
676
11278
3661
1114
475
12012
4095
8304
8999
11315
5173
2470
2106
5122
8860
8954
5571
3133
9842
11413
11101
1620
11372
9904
10457
3980
3691
1414
11324
896
9596
9648
3494
170
2023
9349
9875
1351
3613
1083
285
4038
547
12033
324
7039
1833
12067
8234
5260
6518
2968
3016
8587
4502
2438
4773
7209
4857
10022
11964
3544
489
5854
3708
6507
10477
6218
3709
5863
11499
8773
6826
11883
5983
2148
5334
9943
1080
1997
11186
1468
2826
10412
9572
8583
3368
3874
6020
9471
6871
3191
6744
9440
7675
5184
7473
11658
6312
10989
11580
4798
1152
9398
3410
10152
2320
9033
525
4895
6497
497
11882
807
5937
7090
3761
3942
9805
215
908
3635
5845
7543
3087
11419
4994
11669
9199
3903
6760
9044
3208
10816
5082
7222
12148
10160
2819
3482
11577
7744
185
4603
10031
8663
11532
2685
5391
2180
8266
4309
8924
4292
8913
3575
470
7766
9340
1589
4768
955
3029
8229
4373
1890
9225
3473
9964
9512
2357
2219
3790
11880
8068
2464
2712
10773
11861
9066
4942
11866
4475
5166
9035
5797
11529
4815
5365
4792
1635
2832
12193
7715
3904
1818
11344
9238
9080
2068
11011
9640
2559
11150
12130
5860
12120
2768
11830
689
1639
7402
1269
1596
9197
12250
7426
411
6600
3668
5993
8980
8554
1998
9897
2221
5344
8269
7521
10301
7150
4819
7258
8658
7817
3288
8841
3318
10765
58
11265
7832
6148
8989
3006
8237
4826
385
418
5414
90
10609
4240
342
5075
7230
3650
10985
12194
7728
9435
7026
8175
11142
12263
9853
7044
5129
7967
10899
3820
8320
6220
9569
6730
4426
4722
6027
6695
804
4463
7122
10544
5047
900
11503
1669
4584
3330
5638
7575
10624
5867
9651
613
9132
5546
3445
8551
10783
7637
5642
5962
11485
10845
6199
4829
7931
2945
5255
9379
3898
6747
9395
6557
7861
2923
7774
10016
8023
11559
6398
3496
8311
2591
905
1967
8130
6219
10568
9607
10377
10276
8850
1702
8530
1053
4987
4439
6798
9864
987
3411
7613
6073
10866
130
8758
2889
6642
7138
3513
7113
7332
10013
10676
3404
6423
5292
9639
10330
5733
10308
662
2586
786
5251
5994
7644
1533
4525
11910
8003
7346
4644
639
4429
9461
7500
747
3031
1603
4871
962
358
3720
4757
10314
11114
9867
1739
1973
11624
1154
11048
4669
9227
3596
11958
11112
5380
11374
1494
5958
6194
4631
10605
10131
11874
8801
9488
6920
9660
8035
10047
687
11508
10860
6305
8225
8528
11757
7818
10223
8186
7636
6757
9024
9913
8470
6481
7127
1166
88
9013
9054
1441
1942
3569
10520
7126
5086
6811
1984
11244
6796
7519
6860
3947
11171
126
10036
757
4639
7151
234
4087
405
1434
6912
3457
11299
10275
4780
8356
11754
1519
1627
11021
1415
8842
5551
9164
932
1044
6182
4114
901
7922
3148
8763
1460
256
10341
6620
9589
3173
3538
6095
1021
7725
1384
6606
10363
40
2481
8692
3291
7281
9906
4559
1688
5207
10150
611
5829
6152
10343
2341
1271
9462
8946
2291
4032
8045
1350
2866
2192
11656
7809
3973
3656
5022
7517
11802
9778
12055
281
3644
7785
11970
5088
10283
11815
10961
4581
6503
3303
12169
3579
3641
5509
5162
561
12023
3177
5030
11034
2329
5018
8428
9031
2236
8405
9592
929
4507
6017
11472
1126
1175
7056
7914
1757
3094
1339
4225
2719
9549
7465
743
9284
7395
4692
3688
6396
5144
7389
8094
10805
3917
5447
10635
8561
3428
577
844
8108
1880
674
8197
127
1473
3902
12065
4300
8950
5221
8060
7028
4570
7187
6102
3555
9250
4079
4565
6634
3659
1007
11
11605
200
9359
3896
9881
7425
7734
10058
3928
1168
1387
3885
11770
6847
5490
4042
2433
4657
9782
5833
4065
5988
8211
4989
11672
5840
3922
8041
7863
6310
8368
3860
11387
4236
2812
294
3543
10245
7768
10426
10189
843
1656
3119
7184
2556
8589
856
5570
5538
3825
10717
6294
434
1990
1355
10754
12049
10399
6951
7278
9361
7673
6985
10214
4504
11519
2182
3136
5614
6631
6002
10392
9931
317
10163
6739
4257
2034
5803
5710
11347
5227
6879
133
232
4721
910
9389
3873
745
12124
8264
10801
6927
4742
5076
10907
3279
6749
9483
8682
5849
8668
4655
7672
1008
9840
2538
2709
10302
4024
4505
4519
11510
6682
2791
8621
7219
8317
1801
12119
10653
2689
6311
2446
8781
4793
2119
10162
4571
5433
5193
681
1121
1475
7698
9982
7436
9784
10353
1106
7416
7866
2217
2087
6738
11738
485
1466
4933
288
2164
8899
10892
4557
11349
8350
4204
11564
3600
6594
3848
8653
11625
8565
4294
7975
5097
7310
1170
11460
3125
784
11597
869
857
11520
12076
10745
5744
10718
9005
9974
682
1125
3176
5320
1761
5926
712
9556
2721
3553
9363
332
5457
6448
5709
11584
7694
4137
6212
4753
5716
3477
11575
3943
9984
5796
4062
791
8469
10522
9022
4431
6277
6302
10611
7551
4259
10766
4765
10170
10662
9667
11122
4457
79
6404
9185
7850
10486
7247
1143
7844
7350
8780
10211
6842
9366
6838
10803
4637
464
2324
7189
10184
946
3589
11426
5873
10444
965
11146
10122
5332
4277
7606
3355
5065
10393
11983
4107
195
4336
375
9438
8562
1870
10670
10270
11799
11921
2514
921
11834
2807
3759
617
11897
2335
5039
6075
10309
1129
11929
5944
9785
4328
8233
6988
4359
11500
12214
4348
11256
8829
8525
5810
2172
10906
2756
254
2801
4405
3349
11049
9453
6691
7455
9794
5626
2732
10011
10692
10815
369
10720
1014
7804
9191
5516
9153
1934
5981
8611
8778
4601
1282
8922
3332
3666
10092
9750
2880
4449
8170
2443
9136
38
4154
3265
6314
803
11817
11514
6428
7136
5659
9727
12200
8767
2806
3824
602
2490
2288
4914
11040
11222
2223
6211
8351
11556
11665
5479
3892
10679
11857
4990
10043
4946
1326
1098
12232
10746
10095
7699
5101
927
1252
2618
8614
5730
6137
4238
985
2477
10886
3252
6569
4297
11842
9090
1287
8424
1136
9130
5319
3393
603
2781
5921
5802
8078
7274
9758
9277
7874
11177
5222
10885
7605
1611
1344
9728
3571
10652
12147
5945
228
2859
10326
9892
8849
10467
2366
10107
1529
10123
1874
539
8260
7091
10336
4271
4755
3096
1227
6019
10817
922
10719
11473
11234
7721
2472
615
11765
1449
1980
5397
7740
4178
4817
5291
5057
1600
5623
5322
7600
138
5959
263
2641
1732
8825
1486
2112
10671
11185
7587
3893
982
4061
2913
1498
846
8052
3238
711
10206
409
995
6929
3218
4509
3146
8312
5194
7196
7896
6124
1637
1615
4395
9493
1558
7435
2402
9812
5857
10408
949
6003
6635
4139
4002
4707
6103
376
4345
2272
8527
7484
4531
10634
3080
913
388
1950
9168
8501
11045
8977
6
1370
9252
1653
710
9633
2750
7125
1755
9151
11912
3170
2130
5652
5998
2543
7186
10539
4375
1079
11889
9237
10677
5197
2584
11932
11399
2306
2060
3906
2413
2797
3186
8076
748
9429
4136
6804
7574
8539
6221
2926
4397
10359
12047
6751
4462
4789
11871
1273
4143
10949
9051
3068
11477
11821
110
10078
5140
370
549
4082
5338
8140
7646
10161
1507
1318
4380
3314
825
7848
10599
9064
5290
7806
10962
6716
4158
4384
10366
6964
11779
6724
10044
443
3320
5439
9323
302
5135
6498
6286
9962
11128
6326
2307
6835
4668
7965
4338
2131
7352
6421
8190
1213
4477
1084
5963
9364
11743
11366
6627
10201
12178
5148
3501
8792
4161
1811
3446
11450
8114
3409
8293
3335
11271
5073
2092
1895
8257
2808
2531
2116
9221
1660
3966
7302
11977
9655
727
6062
3266
5573
11531
7712
7729
2326
1305
4472
9265
11934
1198
11824
9769
12125
8321
10808
6442
3727
11854
10574
10667
239
11881
135
7923
10931
11715
2864
7655
364
3112
10806
8105
5759
10796
3881
1088
5032
7448
118
3533
6946
1708
7242
4454
11116
7282
4937
11044
11739
11811
6654
2134
11691
4739
8932
5912
7083
4398
7272
8303
1928
10488
11356
5467
5081
6364
2515
2208
2868
5141
4329
10850
10890
5364
10480
1332
10217
11362
7771
8150
1262
483
2410
1995
1302
7830
6395
10129
9020
9674
9506
5143
9753
11648
4035
11274
8231
10059
3610
2255
6248
8171
6258
7325
2043
336
1251
1913
6648
10904
1073
5714
2549
3971
4396
4712
6257
8971
8085
4891
4051
7722
505
4695
8666
11606
7676
4548
7251
6688
9309
9786
3735
4455
11997
3858
12276
9960
10545
8566
2442
9214
6727
4526
11252
4912
5783
8508
3646
5705
4166
882
5307
8604
9437
10629
10481
3073
11569
5561
1056
11082
4245
10603
2475
1830
5661
6539
5646
10579
1423
1408
9734
2270
9195
6319
11902
4295
3351
5740
832
6666
1561
2992
8794
4577
11637
10509
429
10292
805
4053
7852
6467
4813
5886
1024
3391
1764
2779
2389
1202
1970
7997
2600
716
6001
9594
11713
4497
7590
2900
3354
7000
1377
11692
11710
479
8226
959
10700
1224
11339
11097
8750
3801
3237
8818
4219
10753
4464
11314
7918
1276
8414
6167
8783
1790
9117
11453
2602
1248
9942
8534
5367
9095
9859
1728
9710
278
6403
3785
7778
4930
5167
1857
10654
5868
7320
7363
8091
7959
6165
7518
10583
1791
2476
11270
4209
10811
10896
11595
4031
2571
7580
5678
3357
6888
7123
8180
2962
10809
8864
12134
4495
9910
6065
3593
8893
5285
8099
2391
11975
6366
2465
8734
1806
7599
6638
8992
10487
7431
5187
266
5059
8988
69
11367
7211
10951
12032
11837
1023
7733
107
6807
7810
6253
6377
199
4466
7892
482
6117
11826
7415
7210
8279
129
10726
10900
10804
379
6656
6608
2077
1824
7114
6746
2149
917
9815
7627
1491
989
5152
201
7544
9053
2901
7983
4956
21
7276
800
2399
5955
11236
3608
6352
8316
2185
5027
9177
6970
8145
9724
5606
692
7974
5950
8329
1630
517
2785
2822
5539
2927
9179
4732
11793
3027
7903
4460
123
7233
11329
5968
8173
2728
9008
1345
9045
2051
9149
876
7492
9989
10503
10648
5494
6595
3597
7664
12225
2350
11033
5419
10957
3799
3847
5778
6979
5515
11368
3865
10192
1726
1145
2532
6742
10432
11987
8580
9163
9800
9286
10254
5904
3213
9581
7460
10831
527
5814
4617
7357
17
4860
5819
2960
4921
2074
12140
8888
3231
7061
7862
1177
4014
4208
5007
8851
9736
2897
740
1904
2526
412
7168
4444
1228
4170
2118
2769
7240
6236
6299
8923
10290
3144
10135
4048
11571
11615
3301
10394
6232
3474
11598
2776
1610
12139
6379
4333
1987
11894
7895
7331
7012
71
11309
2971
672
4085
11945
3929
7682
4744
1270
10382
7786
9082
7260
6111
991
11689
10199
8579
6774
1146
2127
4604
8481
270
6462
4194
3658
7869
6086
11207
2176
12061
11763
3435
2408
6183
9857
3699
2487
10592
9916
4745
4357
1530
2624
7875
6573
276
5225
4926
2279
2181
10644
5974
4129
10354
6287
9285
8361
5651
5600
10813
864
6665
338
1704
6375
4794
6830
11544
1132
9302
3959
10227
5466
8824
1955
7330
725
9698
8413
6259
5452
11986
1549
9122
11397
9303
7234
642
9160
2073
8323
2407
4852
10127
700
52
4097
10844
6382
5827
7578
1040
8006
8004
8154
4364
12031
10895
668
8394
5306
9845
3407
43
139
2843
6113
2972
11253
6414
4572
5752
9362
7043
9091
4315
11901
10461
10818
835
1199
11371
8836
6761
10952
5893
444
11963
11663
11651
8684
203
11268
5023
3381
10440
2344
4274
9612
2006
1976
7661
11566
8795
10134
7154
7837
877
4810
1935
8354
7380
4606
432
7603
7478
9799
11469
11123
8138
4094
7297
2772
9580
9666
2724
7017
218
7704
2129
11736
3415
6190
9028
3706
108
2406
2224
4458
1454
2091
907
3870
2875
2979
4039
4086
5850
821
2330
5657
10661
11326
1582
5603
245
693
202
11853
7452
5060
5426
6143
2275
9350
11468
5087
10268
2693
801
5272
1180
2325
9097
8547
456
11753
9495
5247
6043
9944
5650
11435
7326
3707
626
7535
3778
10969
1311
8379
10061
10396
1767
11923
2686
573
6873
8701
9339
5008
8735
10492
9732
10911
5273
10014
7741
3749
4067
6188
408
11381
4131
11582
4967
12197
2302
6046
31
6855
6432
1254
12239
12195
9369
7354
7685
5360
4374
4012
3888
9200
4959
7485
4339
11518
1750
6066
7099
2007
7769
1633
1931
11674
378
3624
6409
9331
10475
9601
10483
6980
6729
5356
2104
6909
1221
8833
3259
1504
2317
1568
2878
11231
8286
6468
7003
10837
3910
11308
9590
120
7171
980
5721
11351
12183
455
992
9260
6196
4838
8681
10703
8830
4350
474
10919
522
3606
570
3528
10948
1915
11939
10827
9802
779
6693
3815
9193
12162
1885
11126
2377
2231
3637
1989
5310
9356
4900
4006
9384
11043
4491
2090
339
10450
1862
7645
1696
11601
2576
8904
707
11088
11258
4206
6575
3953
10323
1338
10794
2593
8411
6852
3981
7738
631
11294
6875
6096
1551
10471
7159
9578
8507
4134
5301
11548
2631
8223
4909
2002
1235
9810
10286
6540
8089
9668
10721
5020
11583
5946
1239
10812
4702
4791
8155
5275
8602
4783
2445
5252
8444
9307
2250
3234
7611
5830
8284
2297
4021
2601
8340
4567
6662
1994
1176
237
7308
7032
11587
5491
7263
6954
7193
7996
11756
7526
4100
9703
12100
7577
10404
9795
5501
2639
648
5369
874
4116
5268
33
11464
6994
11780
8077
12186
11568
2517
10400
2956
1914
3268
2948
9371
2894
3681
1183
7911
8797
2935
3939
1446
3290
11100
264
2145
12198
7212
6284
10828
7408
9300
2403
8419
3302
3134
823
9263
3085
3023
9868
10383
2479
11007
5790
6052
8389
8247
8693
5878
7989
7064
8633
11471
6819
5960
11008
9262
10699
2460
5576
2805
8164
1337
11943
11035
572
3988
3298
2896
7815
8597
6242
5743
8252
8990
9522
12277
1573
11557
7384
95
10657
8965
2449
1763
2254
1253
9752
3730
1887
8291
10884
5196
820
518
4413
11321
2218
6296
1840
7880
7076
2743
3323
7897
10196
5508
5396
10755
10299
3512
6797
3850
5645
3663
1578
806
3598
1093
1402
4849
10300
6590
2440
11134
11124
439
4615
9889
9459
494
12188
4835
11360
4284
7401
7585
4302
6226
6161
1528
3225
10820
10109
994
2845
8822
1855
11592
3611
9759
6033
9490
10715
11792
6637
2205
11758
1516
4325
8839
1472
3043
4379
2792
9492
8080
5165
6646
102
8334
10678
9558
3875
863
3444
10739
8174
2109
8933
3353
3441
1534
7496
4923
7622
7329
5866
11409
11065
289
4648
5746
5653
1245
6899
498
11630
8182
8442
8409
11852
5303
4976
6680
2844
4428
9087
4556
4456
9837
440
1863
8214
8886
8280
1713
8555
5816
620
3053
4599
1212
5153
12228
105
9737
3997
377
8936
6431
8086
5595
9114
5266
6374
2045
7058
3998
3946
8972
9205
2998
7570
11783
1110
4332
7851
5663
8459
7054
7784
5627
10788
8690
10681
1684
7727
5915
10281
5487
7668
5381
5568
5264
609
11297
11144
8861
7328
11201
291
2921
5925
11489
5312
10742
2380
4365
1621
6579
10454
6791
26
446
6741
2309
6334
2817
3568
4351
11032
308
6082
4298
2146
10288
11947
7921
5282
8071
2681
12006
5615
7341
2854
10455
11213
4781
1898
11992
1826
9078
7790
6810
11223
1398
7794
1437
5172
9196
93
2537
6090
9733
5418
12261
7501
9643
5083
4915
9552
1436
11786
9337
12078
8634
10465
11001
4727
4938
8301
7041
6267
4714
11306
4698
3223
7666
8762
10120
7831
3805
151
726
12240
4740
10340
8421
9621
2825
8910
5987
6942
12138
3770
5128
8529
6776
8608
8979
9537
8912
1979
3672
9608
197
3304
8418
4892
10358
9322
9924
8458
997
5055
3674
8964
11843
7079
4594
9198
1340
10239
4434
9946
3537
10569
8645
2834
10076
8410
11868
7864
12236
10751
3871
6197
7503
2773
4614
9267
593
11482
1277
5238
12181
6393
4964
9704
2986
6628
301
3723
838
4907
7072
8914
8022
11024
2836
9085
8007
7770
8429
11831
8083
4451
630
5496
7142
10797
5739
5114
3367
6546
1257
7849
8166
9408
8757
8753
4243
529
865
6408
1619
2086
7018
1685
2777
3108
5409
3620
7169
7023
6603
7013
9941
3577
406
3534
11860
4591
1429
8598
8451
2044
10143
8029
3343
10967
2132
1506
12229
11870
520
1485
1798
2108
8670
6392
7089
2251
11794
2879
10575
1851
8816
5726
9243
5406
8327
6699
8674
5483
8097
6836
198
117
7964
9891
4192
8976
3095
5443
2589
833
7104
10759
10651
11899
7893
1679
3559
10825
6679
7355
3794
296
11677
684
1134
7601
6373
7602
11702
9922
8573
2605
70
3406
7444
2363
3192
11907
2436
8808
236
9625
4381
6056
8122
9835
2909
2872
10253
2608
9886
6943
10056
10613
4162
1701
11458
9530
9903
11828
6361
11141
1555
1295
9335
5865
6233
4872
5966
10318
328
9657
7961
6725
12248
1831
1111
3495
2014
5202
5327
4040
11389
11696
7290
7777
4403
3536
10555
4318
6291
12069
8919
796
11827
9397
6913
10917
8730
3979
8106
6476
11494
9432
12280
5724
8793
9041
7029
6026
8457
5844
10403
10431
11620
5157
11924
9557
12133
11804
11671
2069
5941
7342
6995
5703
12137
11245
8149
11631
7764
9441
6578
436
5574
9404
5183
11565
6834
5363
3913
4832
6247
4418
7218
3692
10175
11313
8800
11417
12054
8631
9930
550
6108
1540
7633
1263
5026
4368
944
9876
366
2598
10435
11266
11427
11289
8044
1744
6591
8937
3438
2919
4224
6709
11341
9520
453
11673
2993
6042
8592
2842
6162
1715
8395
3240
11572
5379
8994
5493
3719
12129
6172
6857
2747
12102
496
2156
4735
11666
9312
656
10532
4596
10478
2183
12199
7351
5111
11052
6416
2893
8195
591
5278
1109
8137
2292
8104
8897
9542
11931
6571
467
373
11768
6683
3322
8282
2670
3493
8627
2886
8724
82
5514
8699
11224
4675
7390
9741
8059
327
7376
1238
3826
10218
5001
163
8185
417
10115
12145
4303
9052
3676
3809
893
11290
4694
8603
10649
3539
5696
1912
2835
8601
4544
8569
855
3008
5547
1929
65
9689
6983
8537
10983
9555
4207
6768
9783
9866
233
8192
5660
6041
5430
9242
5934
3462
5037
415
12091
11718
9175
2238
3206
10360
11030
9918
8576
4416
3702
10945
1741
11376
6986
11286
5975
2694
9548
744
11217
8386
12243
4478
9958
1509
8572
8880
509
8179
4090
9933
1566
616
11411
5520
7591
1932
8541
3806
9772
8337
10921
11153
2910
3930
11822
6779
11262
7839
11734
9497
3760
9353
3831
196
4844
11149
10091
9813
9871
4165
4057
7932
7361
3710
11506
9
10401
9235
1889
988
5250
654
3055
8752
8121
6976
144
4438
12151
1819
4412
3025
8387
11444
2008
3623
10684
10128
6106
6721
6576
10498
10119
11554
6919
7610
4310
6355
10466
2715
2173
7522
3932
5171
9465
2242
2645
10085
9715
7855
2710
502
1605
11979
11418
9468
3086
1921
12082
1380
7701
5186
10183
6337
1640
1187
6454
579
11229
653
7288
9470
10427
12041
11109
2030
11818
941
7625
11935
7760
10760
11509
2480
7822
7414
2942
5066
4218
2175
8306
10923
8669
7377
273
6602
10734
2195
5423
9084
6770
6849
6720
6982
671
12040
2163
9771
10552
4612
11586
773
5472
6354
8743
8713
9927
9510
6987
9223
5876
4816
9246
7742
1861
6866
5498
4421
7306
9417
6908
1081
10740
3090
457
11914
8228
7951
6463
1482
10987
4568
4362
8667
4703
3147
1909
1061
1432
3964
8628
7857
6051
5557
9143
277
6649
5738
6898
10247
10030
3020
8866
4430
9222
2222
8338
12010
7504
319
6592
2530
11423
12182
872
8473
5913
7888
8814
4407
4948
8258
11188
3940
9801
10594
3487
9386
8489
8609
333
6717
8948
3694
192
9297
11599
3235
2499
6204
754
11904
10639
94
4262
10542
7998
7128
11543
5736
11525
3201
2478
7253
9217
6990
10177
495
10484
22
11612
8962
4281
3504
6315
7042
3451
6121
2075
10960
10610
2308
4370
7934
1742
8255
8711
1435
7696
6675
2009
3171
5701
2597
4881
12267
11540
4754
8738
4231
5822
3103
12211
3655
11960
10729
1058
1474
5732
2568
7368
1554
3961
4769
7047
11317
731
1953
10409
2120
1158
6097
2401
6359
7751
9951
2197
8876
2609
8887
11693
7482
4393
2161
3698
3405
8358
4193
5345
758
5204
2040
1027
9287
5220
7391
3098
5589
19
2607
8515
7137
8039
4602
1800
4197
11640
9343
150
11462
10234
4201
8968
6615
9038
4790
12258
10500
5747
9879
3036
5044
5995
4534
4135
2555
9365
9820
914
8232
9659
817
10499
2415
12231
10178
4092
8146
9701
7567
556
2827
6959
1260
2659
1385
2316
7763
6930
3897
1013
5534
10839
1163
6459
8385
1599
247
4876
9370
1875
11717
2991
2437
1196
999
4037
10174
3869
9968
3505
4664
9358
59
6458
9092
11712
11288
10537
11596
9491
7068
6773
6851
11635
3925
7121
8497
9702
4802
10197
2566
915
2680
5208
7962
10710
6850
8898
3476
1663
3078
2804
9347
1433
6491
9959
9046
426
3395
9123
47
5773
9895
2390
5846
6704
5785
10966
8768
5513
11161
6843
5917
3035
6271
7981
7287
8178
7949
10584
11608
7980
223
2207
4752
7057
8594
4814
8464
8471
7146
1424
9804
5056
3295
1672
11526
4561
7913
5871
2424
8544
9257
11219
2376
1522
2922
2614
6689
2553
10505
2123
10674
9966
11840
7573
8731
2158
8075
11704
10737
11995
11920
11433
7443
1838
6639
3262
9969
7882
450
1151
2015
4113
847
1951
2820
6567
8925
8596
9283
9266
318
8101
10124
7434
7870
2151
2189
2339
6478
5230
3245
10112
6440
8011
6999
11474
7915
7762
11130
10165
6891
9705
5992
1045
5507
5431
6969
9991
9585
9832
7059
2928
191
9721
7131
4736
7505
11230
1072
4538
1303
3099
1837
2988
6690
11698
11513
1278
10995
4917
2720
7623
655
4858
3607
1710
1247
11898
3004
7343
990
2204
5484
6488
2762
8617
3563
3054
8283
5553
4237
811
853
7144
2412
3230
7860
4981
10856
11685
9770
10655
5201
6378
11345
3122
10244
6444
9317
7010
9289
3728
11919
4607
11930
3336
830
11364
6737
246
12046
7838
1003
3399
9330
2663
5788
578
6772
3275
1443
11200
7635
16
1799
9697
6782
2435
11085
4382
6570
334
4645
11354
8126
12283
1059
1452
2162
4128
3585
10641
6864
8262
3693
6093
10020
4205
6068
8676
2147
4043
935
11449
1524
6238
5258
10086
4779
10303
11679
10567
6256
737
6406
6430
12223
2738
10554
2858
2233
580
3592
10875
10852
9055
5550
8221
4710
7088
11254
12161
11839
3711
998
2830
4425
11208
1204
1778
3532
4424
6934
5015
9973
8765
7498
2895
10367
9692
11023
4699
2809
1952
2701
1680
1289
11037
7172
2434
546
2723
1511
2752
6262
9956
6541
3604
6673
6251
9204
10045
5725
64
11019
4560
10616
2459
506
11064
2144
5130
8599
11903
2456
10077
5741
831
3032
947
3121
5031
6336
6441
2882
11784
3751
9544
8896
2052
6508
7502
6244
7969
2625
6292
12066
2749
9937
2483
1810
5523
7506
10027
4142
2711
11050
531
6856
140
4549
8328
131
5518
9719
3194
9390
11944
183
2690
858
5906
9057
9115
11927
2489
7697
4522
2973
4033
6551
11363
476
8560
4641
2626
2293
11646
66
5053
6978
3299
2865
1456
6877
7417
3084
7019
8761
4190
4972
6391
220
2080
12004
7928
438
3967
7063
11012
315
2621
8843
3603
399
544
10312
5578
1329
9201
9148
7900
8450
6237
4265
5565
2852
3209
5831
9634
7338
2352
1661
3488
5684
1215
9949
1218
5890
9061
9967
390
2800
664
1567
10672
7541
3229
7552
8921
12096
68
10787
6658
7130
6447
3630
322
508
6000
6205
2733
1537
6568
5177
5261
20
6967
2082
4837
24
4369
6586
11976
7111
6552
2829
11298
9979
9693
5517
5804
951
2583
1033
9751
6992
12053
7447
9738
11078
3220
2876
2905
9388
7876
1234
8483
5176
8056
2557
11481
6104
10346
12176
11192
3519
8622
3346
10992
9316
4423
1626
7135
6496
10901
1150
8545
9792
4145
6293
1518
5628
6833
7616
2117
11998
7750
4111
641
4188
6533
7045
10795
6802
892
2244
335
7037
1420
8786
12173
10084
3983
7568
9224
778
3818
8449
4809
5116
441
1948
8831
3128
3375
9923
8986
5887
1357
10101
9700
8219
2646
8048
3167
4569
2235
10533
7714
4157
5558
1691
7188
2688
8806
8707
8496
6674
7394
5169
6808
6032
11668
3347
7466
1641
5682
7237
11528
1783
3891
11761
9049
10658
2418
11017
5415
7782
8275
4009
3755
2441
7348
9609
7208
7259
5577
12213
1381
10595
3425
1770
279
11405
645
1868
2355
4800
6931
9894
10743
5761
4279
1628
1416
1159
7106
1577
10221
368
2138
5486
599
2811
1335
724
1388
11501
6619
723
8799
1797
1738
11168
1333
6215
9070
3408
948
2848
4501
4626
4623
1300
9996
1016
12083
7022
3286
8448
1687
11259
9992
4385
4148
5337
11949
1392
11877
5942
619
590
2124
12237
11789
11720
5321
9539
6667
9604
10110
12257
589
2011
12088
5417
7163
9934
12203
3689
4619
5505
5195
3827
4913
5566
158
11172
11819
4943
7594
9206
8302
7607
1542
5305
10418
10829
11879
8344
5119
5146
1779
10452
6231
3739
9834
7403
5649
242
3247
11611
10878
6456
2383
6512
3878
1297
5133
5105
8892
4291
4960
5110
6786
2035
7040
351
11913
9898
972
10263
5784
7046
9829
11491
2550
49
7878
8476
698
10777
6530
9822
2488
7147
10810
4480
1746
6164
1917
6150
3721
1240
3274
4862
7536
9970
10659
3633
4756
5399
2736
3361
8474
981
5438
697
7148
5259
2647
1406
10279
1547
6587
8308
566
7470
7481
6350
11941
7049
12022
3868
3771
4212
3082
11311
11359
5880
10209
2746
503
6349
466
11237
940
715
9745
1692
6644
1585
5971
4658
5370
5385
8057
15
10516
11390
5209
912
9850
1657
2542
414
3392
3546
11156
10307
793
7659
7885
5757
252
230
4940
663
10965
12166
87
6974
8741
1236
2677
3733
5300
9292
4182
3791
3026
1249
2533
7077
9616
7464
4112
3976
7767
11310
2964
2154
3199
50
11999
11701
11328
5625
4255
6955
3769
6264
8486
9290
6903
7539
3471
7618
4388
6664
510
7369
2243
8017
2141
2239
7671
5884
819
8167
7318
3325
9074
11747
11379
5103
1087
8277
12282
4056
9816
8959
1642
9907
3308
6622
5654
8251
12024
2079
4191
6464
7988
3150
6240
8615
5891
11403
9230
1495
7941
10381
3382
4269
5541
8353
12221
3808
3516
7002
12259
10908
9103
4864
5610
7917
290
2122
3754
10375
3880
11703
3388
4578
9760
2100
10601
884
4513
7990
5859
3734
3296
7826
10675
3309
10273
2099
9402
8983
1734
9978
12105
1354
6792
98
5835
11515
979
7684
11966
55
10335
1367
10460
6193
12106
6536
1057
10694
9268
265
10534
7511
10572
11900
4689
8465
11475
11628
4934
6451
1291
3033
12007
5907
6966
5436
10536
12084
7532
5718
2168
11744
8785
7670
8376
11184
9739
7556
10956
10057
121
875
8641
8188
11226
10132
11604
11199
673
6425
4169
10334
4680
4222
4316
4299
11639
1548
1983
718
4748
4587
7845
4918
10421
136
11018
7898
8963
10562
8336
4646
6813
2856
1265
5248
649
1623
4847
4034
11263
5276
3306
4542
7674
4196
5697
3792
11060
9826
104
10372
10264
2025
10950
11098
7991
5882
5339
11990
5198
7333
4616
10946
5387
891
8067
12256
8176
812
11480
6470
971
3056
5760
2892
1070
156
6060
8259
267
2013
10581
862
5353
4656
9665
8997
11432
11280
3782
7808
11316
2361
909
3737
18
1272
10425
1813
9208
4666
11638
11388
10074
4392
5296
7691
11687
4235
10867
7366
3183
2450
8520
10021
7542
2579
9831
2469
12241
9981
3145
5569
3081
7298
8655
8900
5016
3938
3189
9418
7803
6005
6171
6206
9188
10998
1484
3839
3729
8629
3921
11617
5875
3179
5180
894
6878
5613
10580
1817
4611
2633
7904
2114
11348
9774
6793
9141
6457
12226
6731
3443
5624
7780
1015
7960
10355
6706
4015
781
11384
6596
5288
3883
6885
8100
7883
3360
6580
10968
7404
8416
2466
3974
8129
11905
925
8782
6269
3958
194
2870
12150
11576
871
2367
8720
9006
8675
8025
10327
10379
6874
7087
8002
8438
11457
6975
6058
8847
4030
6420
74
11157
8443
6214
3111
1609
8008
4633
10028
7719
10543
1391
11961
8157
10940
2126
1814
6502
3697
1205
2054
5965
7901
6607
5156
3518
2615
2300
4848
2908
3679
5754
9368
11517
8846
2378
12154
10619
9027
11695
6340
637
4400
7702
3169
8467
5751
3421
8093
3069
3276
11859
11809
5567
7246
1048
6710
7304
4261
612
5768
2289
7191
2509
9583
11759
9171
8756
5297
2653
5488
2467
3414
4313
7950
5980
2770
10352
6235
5311
10660
248
4851
1470
8953
9308
2084
8716
3210
10224
766
12097
8202
6698
5667
10490
3091
5299
1502
9344
10560
5464
7908
3510
115
2304
251
12038
8805
4500
12052
3198
8043
11113
2815
6914
787
2295
7642
6726
11036
822
1174
12157
8618
9032
4105
1510
8708
7758
6071
5004
12094
10999
9695
10187
4503
7555
5936
6832
9532
1299
5314
7082
2925
9137
7947
2627
6168
3246
10588
6142
10791
5916
3945
86
9761
6989
11162
6719
3527
9654
11206
7756
10763
4228
3151
5093
516
4275
11431
10141
2578
4252
633
3277
8270
10928
359
4893
4468
1375
190
2359
6044
9696
5441
6853
9014
1597
4904
11029
5192
6829
4894
4409
4173
5448
2748
5982
5933
397
3743
8657
10415
3793
4995
695
2017
8840
538
11125
8034
10865
11332
7109
6460
11058
9623
10482
2253
8272
9436
1124
775
2871
5392
3714
528
1748
3066
10614
177
3550
11962
1686
5826
12020
4213
161
4010
8613
10964
4842
11552
7881
3363
5597
4138
878
911
12170
10176
1842
73
11478
895
11210
10752
1944
2863
9233
2496
8938
3640
9264
2793
5719
4342
4530
883
4214
1828
5377
7007
2970
10622
1404
4203
8595
3166
523
9656
10114
7409
1264
7158
3285
6023
7097
6712
9427
9311
6957
5786
9215
5707
4189
7688
6922
5910
5905
5598
7726
9746
7467
10010
11275
976
1135
5115
8357
3067
621
9452
866
1526
5969
10586
8403
9446
11155
12081
208
4830
6524
11394
6289
1119
7086
10397
8222
9680
9626
7732
10714
7639
9182
4230
9570
5343
9915
2622
10473
3175
5939
10476
8491
5234
2816
2506
610
12029
6558
10854
9129
10004
10704
9305
12026
250
12172
5742
8586
11838
5175
10775
9381
6510
7381
6754
8216
11957
6059
1210
7937
8191
6713
10665
10776
1938
7596
11973
1042
780
1323
11558
1844
2427
9508
3669
6493
6998
3403
5599
8482
2261
10015
11212
9011
9935
5562
9099
11832
9354
11439
6766
9986
11163
9975
1368
8966
8064
8142
6668
10790
8559
6670
2581
5997
10248
11110
4674
7834
7451
6008
1815
3466
6537
5898
2404
11106
225
8659
5473
4132
9124
8378
2644
12163
10306
11788
1943
9533
431
3599
6274
4593
12123
4221
11645
1493
6036
8742
7753
1050
12156
5820
9645
5206
961
5807
10096
6743
9333
8189
2263
5465
1966
430
30
8637
7582
2381
10266
8564
7249
9351
2271
2796
4337
12266
11719
11985
2340
11456
6915
10258
1310
12113
7178
6135
4806
8727
137
4084
2159
4600
6367
7717
2637
5211
783
4925
2439
8832
3935
7814
10271
5861
4268
10496
8434
5895
7936
9348
9009
5590
10348
12207
7793
4711
9529
9977
8619
5346
5862
11750
346
1850
11700
7250
11777
109
953
4673
5050
473
3384
6300
8430
2405
9523
7944
1591
5892
3908
8402
9806
1162
8651
8110
3048
2085
1060
62
10320
4025
1095
10167
11825
4461
11863
2877
5999
7663
7419
1675
11196
2199
7737
8665
8584
6120
11074
4939
5586
11721
9848
6357
1296
5621
11136
5049
11553
8169
7833
675
8241
816
6147
8117
10738
4186
5510
771
9121
11119
10607
2473
635
3345
10441
12238
10066
7286
9056
11117
7177
9606
8810
10664
12152
2648
11847
2699
9047
8404
11392
8638
701
8769
2662
341
12028
3018
5728
4929
4992
7843
5656
8715
5125
10784
9406
471
7772
5954
206
746
592
4758
1916
8811
3683
3212
3989
10338
331
6486
5771
5368
11876
10111
904
2184
12220
7009
8037
9306
8931
10972
3918
8319
11965
9507
5838
6800
6745
8362
5256
814
10038
4588
4226
7589
3300
8796
4985
8650
12208
11856
2486
1592
11393
2572
2364
10938
5519
8342
11926
5799
2430
11209
2740
6547
1191
5935
661
2374
5503
3117
12114
11516
2616
2966
5544
1086
6910
9517
394
11751
2957
9430
10305
465
1477
3636
7066
722
122
2574
330
5881
1192
8697
3920
7410
3654
11681
3978
11755
8772
4696
6652
1552
1793
5351
1009
10406
3120
1808
12274
10105
8042
2651
7407
5185
2334
11790
7295
9023
5805
6801
2978
694
5191
4632
3221
4202
8640
11511
1214
4746
6889
8585
6107
10736
9226
11504
9382
7067
6063
10947
5588
8502
9467
300
8446
4555
7149
12000
11365
5500
818
6977
3072
6553
11570
5118
11300
165
12079
4185
8875
3264
2617
777
2818
12230
2940
12001
8461
3372
762
6861
6021
5956
2305
1120
487
3736
10979
10255
7034
2039
4282
10088
6771
8635
10712
10873
4551
2058
2604
11041
6254
5372
11087
4508
10398
3822
437
2027
3817
7652
1933
1901
2024
12247
9861
9514
5317
10108
11145
5918
10001
9420
2763
12109
10618
6681
6715
1725
12245
5772
3652
1965
10240
4103
10274
9595
6887
3844
5269
8136
5071
2994
410
10608
3215
8901
9847
6125
4729
7576
11067
6029
8890
11547
8920
3412
1116
10241
9108
2959
4738
11814
9744
142
4807
5373
4566
848
12118
1839
7454
280
10786
1809
7537
9325
2061
5619
2143
742
6763
12060
2096
3339
3255
10716
3821
7120
6207
8092
2177
4175
1330
5522
1137
1442
7365
11425
2327
2018
11622
11287
11498
8406
2629
3402
2240
1749
7280
2230
3499
7383
3752
9821
10439
11551
9128
12039
7152
499
3511
10242
9274
5475
7708
597
3366
5107
1313
10269
3242
2523
934
3933
12216
7030
3937
3083
10094
1107
3587
1401
8040
4870
3142
567
2266
4970
4886
1331
4125
452
8664
2654
6647
10785
4232
6932
11302
9787
6862
827
9708
9165
9593
10018
9037
8111
4198
9245
6050
4
9823
8955
11336
5629
12281
101
3284
1101
2656
1774
8524
5528
9628
658
3437
3703
12260
3507
9040
9691
2632
2577
11707
12048
6229
859
132
9399
42
1771
3525
2201
12108
2038
11890
9180
10422
7516
8533
11137
4091
7640
4280
10436
2788
9776
1869
9202
3328
9321
2140
4108
1674
10289
5124
9100
11487
6228
5951
9884
10941
9790
3430
928
6132
3564
11454
5675
9219
3962
3502
1268
4927
6783
10708
11948
9276
2977
11906
6282
6084
1759
10977
10570
3203
3923
3618
7560
4217
7140
372
3216
8644
4861
10975
8865
8480
4389
9534
10880
4905
1538
11497
1897
7231
10357
10695
9162
3612
4322
9755
7802
6320
3101
2975
1513
11022
6711
7811
1185
272
9883
5243
574
8103
8268
400
5632
11322
6775
96
6527
1188
11728
1374
10494
2534
8626
1261
435
8119
4248
12009
8511
8521
2064
11169
3643
11375
11563
1157
3317
1804
10984
4784
9683
5043
1082
10003
11267
11105
4515
1219
8870
10557
4962
5497
10386
4106
3356
11304
3007
9885
5594
3272
1275
752
1312
5074
8194
2739
1654
10709
4877
1737
3093
2989
9807
10012
5277
6009
11102
1845
3731
1461
5254
11335
3509
761
1211
7078
8943
4957
11706
11813
2671
9077
1503
2284
3263
8036
10138
12063
2093
5582
8322
10735
8835
12014
7776
10590
1382
5080
10686
3118
5564
10558
10046
6449
9767
6928
887
9762
7243
8725
9291
11971
7749
7469
7074
11546
3448
8827
2029
1930
8383
6018
6611
6015
1572
4071
2005
7595
3741
3872
1717
3139
11797
6184
8253
8686
6895
6466
1069
1232
6781
3882
9775
1127
10446
9559
6526
6384
9126
12249
6223
2851
11440
7812
1625
4843
1469
6341
7985
2083
12164
10215
6347
8261
11618
7283
7598
10419
8941
2561
3523
2248
3900
1631
6156
1365
1963
2828
9076
2636
7868
6574
2528
9858
11255
11180
217
10345
3941
9025
4172
3369
9460
759
2088
4487
5340
3365
12284
6195
9355
937
10130
5003
586
5774
5763
10835
9139
9882
8033
11709
2759
12264
8127
4447
4270
10002
11189
11644
7220
7520
753
11079
28
11886
6490
10656
299
11120
2299
12045
5012
9249
5091
5535
942
8278
11277
1699
6814
11218
11774
12244
790
3267
10781
3074
10075
11167
7566
8288
7920
4347
10778
8678
8235
7256
3700
8505
10974
3949
3012
4041
229
6542
5151
881
3045
9251
4670
2754
6854
8447
12037
8889
4371
3461
7889
8032
9994
11285
10504
6623
11380
6054
5374
2952
1184
1899
9329
4011
1886
3324
6902
1849
4147
1616
5040
4672
9106
7615
3894
1451
8755
8305
9319
10168
3578
6438
11737
9619
7406
4326
11688
6880
1515
1536
1089
9499
5683
10212
3377
10185
2567
3952
5182
2332
749
705
8298
12272
7349
6685
5622
9573
3798
738
1419
10472
4415
2936
4820
2787
3837
6394
1707
8010
4743
7650
6030
10846
8498
10863
12222
8139
729
1092
8370
4950
986
7916
6941
11486
