994
3240
3158
3118
2332
3862
4255
2596
335
4629
3437
1901
249
949
4741
3165
2835
43
4918
5852
3162
1449
294
1391
1285
5671
2375
3193
2549
30
985
5755
5438
3591
1827
2285
2319
4498
4722
168
1931
3258
5470
992
3337
2065
2236
1807
5136
2915
2326
4411
2583
2440
2669
2446
1002
3508
433
5570
3568
2924
4552
3421
344
5606
5525
3785
4445
2852
4252
550
2809
1721
4704
5298
1034
4848
996
5991
4333
5713
2572
2705
200
4824
3192
1326
2493
3569
3452
3142
1530
5474
4339
5752
5458
1390
2091
3021
5022
5095
5993
5465
3804
1104
4128
1960
2686
1363
5678
1486
2200
3034
3088
5577
2966
616
273
2321
4790
1671
164
1262
2312
2534
2542
3159
5149
1699
2300
5598
1190
4040
1862
2301
323
3129
2900
5529
540
2116
3830
2972
2916
1622
506
4696
1248
1347
3441
2731
3553
5682
6120
3329
1531
1185
3369
2453
96
6110
5730
1669
325
2451
1840
847
3113
6033
1550
1753
1943
469
5494
1936
2930
4531
5664
5278
4855
5193
3188
3709
2694
1906
1740
742
4367
5979
3111
2887
5590
5793
517
3921
989
356
660
601
5784
2794
2173
2810
3832
780
4183
2143
76
4462
596
4283
317
2776
685
4527
5303
821
460
1504
5777
1526
3574
3275
5715
598
2158
4621
4924
5284
3792
1872
1982
4506
4797
4238
2942
2987
150
1043
4303
1119
891
2245
5345
2943
1627
203
2622
2281
850
3281
2122
1672
1566
2072
1192
2002
3174
1463
2082
2465
2110
3445
1811
1040
1243
5139
5300
1784
3229
3914
6038
137
4721
1534
4950
2662
5780
5374
4187
6027
1540
5611
1194
621
2024
4670
5350
4512
1670
4585
658
826
4634
3882
3685
2546
2516
897
5481
5727
5916
4986
5837
3048
4425
1004
5743
2059
3447
5138
3125
1617
2032
3324
5661
159
2716
6108
556
4240
1073
1215
4753
3872
3518
2590
5133
370
3642
4765
5513
3051
3076
1519
5655
3274
2163
1133
2379
1180
218
729
3635
293
3211
2499
4113
5868
2044
3503
793
604
581
5923
3814
301
4433
4402
1283
2685
2711
895
5213
4988
3729
2088
3338
4408
1162
6074
4031
651
232
2624
1573
5963
5181
1646
2263
329
5355
4120
4360
2468
5433
1342
1374
1018
4474
5862
1397
3027
3502
3380
2976
1923
908
2815
1812
1546
3887
2753
1499
2021
3102
2441
2719
18
4687
4203
3025
236
5049
6092
5905
4097
2141
3139
1125
1737
2232
1745
2282
762
5628
3243
2937
1367
4502
3519
1434
1414
4170
3248
5426
3138
207
3375
3584
4432
1851
1805
2371
4770
1505
2713
3823
5928
4949
784
701
5961
291
2512
1482
4955
937
1170
444
4033
1758
5920
1729
4935
633
3364
4226
4909
2770
3539
5144
4632
1942
99
3933
4572
3218
1386
5462
2508
4522
2211
4705
91
531
1558
3761
432
3534
3146
2405
4308
5459
5553
3072
5208
5663
2562
4357
5969
2637
3202
4441
2154
3571
5124
5361
1956
1406
1061
1032
5100
357
5359
2717
3623
2450
32
2709
3014
2216
3683
3657
4647
5605
2935
2690
889
175
5245
711
3612
2146
3085
3212
3745
814
1911
3505
5798
1610
5694
1239
5339
5219
4665
3439
3151
6075
1203
2912
3257
4669
2085
4856
4821
1377
4348
1459
4106
2268
3513
3998
5658
2795
2513
3878
1968
4267
3997
1366
3038
763
1416
3340
6098
4234
1200
3940
1122
3625
1926
417
2524
1082
6096
2136
169
3803
1774
5442
4018
1957
5562
1717
1357
907
4149
1050
3131
2828
82
198
1376
3986
2698
3100
327
2350
3009
3941
1343
4125
4091
2127
2171
5014
4885
2396
6048
4923
577
812
1378
4600
2358
245
3760
5177
3476
3449
3918
5593
818
5648
4930
3689
2611
4022
5721
689
5031
1494
5551
5941
4530
5307
1264
3262
2271
679
5455
4657
4842
2532
3749
3875
3196
1186
2509
5970
4002
2100
943
4879
4391
5832
1462
1749
5356
1442
803
5631
6051
2073
377
1480
3500
2296
5817
5447
3968
4807
3353
5866
3037
2545
3029
2906
1832
1877
1348
3209
5421
1892
2199
730
2363
5700
5330
1996
194
863
2488
1826
671
1997
5249
2599
2366
5624
5017
2293
572
3178
2687
1529
3297
5892
1496
1292
3430
2305
1628
1629
2331
4094
4713
1131
3032
3852
873
1934
1381
3658
2090
390
3419
2485
4071
4550
2108
2078
4926
2825
952
1145
3256
626
1301
5946
2335
3842
4990
3899
879
6086
3608
4439
3115
4069
567
4064
275
941
3680
4623
3924
1762
2832
5546
618
3609
173
5070
2079
2862
1565
5012
3064
3964
503
3463
4691
3951
4456
1457
4735
3026
3397
5608
5116
1771
3973
997
4114
2898
1271
3458
1020
4756
5885
5696
4100
3699
4536
5275
5401
1569
998
2289
4908
2903
5446
3318
4702
5924
4850
2400
3321
1801
2406
3097
2500
5538
5091
2222
4291
430
38
4828
6113
4112
1214
3455
2736
1426
5039
4401
3183
576
5898
1915
2053
3374
4590
5174
4963
4693
2153
3988
3300
3873
4428
3855
3634
136
4586
1252
5204
5399
187
3099
547
4335
2150
5280
3357
4793
758
5751
3116
314
4501
2648
6023
3496
5939
316
2901
1601
951
4269
2582
903
1696
3273
1618
1037
1213
3900
1113
2009
1294
1893
4646
1156
2760
3384
4286
1952
1884
3837
1052
3905
3741
84
5310
5113
858
1324
3647
197
714
3171
3583
5787
1085
3398
3895
3544
2280
1866
1887
5975
3919
2570
155
3892
3529
2578
5828
1304
3371
1681
4864
5904
966
859
1718
798
2464
844
2314
3045
1500
4104
2180
1564
5393
5980
1138
1963
1773
2324
2344
4015
2304
2548
904
4481
4215
1723
3787
2990
3644
1165
4121
4684
5065
3831
521
1966
4290
440
3149
3860
1849
2802
5725
5315
726
1868
3328
403
6019
6078
4374
3047
4837
4667
1146
4675
2420
4515
3700
5254
5906
5679
5472
986
4865
6039
771
5690
3126
1217
5754
3000
6016
6076
4928
778
4729
5846
5182
5585
4068
5167
3732
2338
5075
6118
766
5000
5510
668
5375
1062
3054
5207
5456
6090
894
3108
3268
5051
4060
6034
3687
97
1786
5527
749
2882
336
3989
2014
3201
1778
5891
2846
5235
1895
4992
4815
1431
2928
1833
3030
213
3579
4340
4295
3400
2220
2246
1759
1415
5814
2411
4223
3590
5247
3015
1086
5264
534
4870
4601
529
4760
1228
1322
3879
276
2920
965
3058
2479
2874
4948
2510
2816
3516
2269
133
3210
3943
401
3522
4246
4072
2933
6018
2786
5363
154
5142
5255
795
181
1585
322
4487
623
3265
2678
3145
5127
5840
2629
4168
4251
2706
905
5667
1320
4057
422
4169
959
1336
1947
3561
5026
4070
4664
4574
4806
1204
4941
2640
575
552
3560
2665
2723
3617
3213
464
827
1725
1471
4318
4701
1256
4178
515
143
5741
3662
2274
5526
3646
1709
3255
4353
1201
5589
1423
3150
352
2620
5973
5195
4066
6055
4521
4405
786
2221
5099
3669
88
268
1235
4846
4145
2905
2170
2600
5949
3509
5541
4943
2390
373
2345
5610
2913
67
1800
3977
5761
810
4981
825
2483
624
2071
4788
4370
1033
3724
1012
5043
4468
302
2621
551
5258
4984
1000
829
589
3114
2430
2330
5386
3331
4762
4133
4680
6008
3737
5998
5210
5366
2653
4083
3638
3784
4176
5962
3293
3287
5680
2531
6012
5616
3798
4777
6050
5692
1684
982
2757
877
2591
2720
3168
723
4191
1561
697
3415
4493
765
3752
3057
1246
132
3420
1260
3562
3312
3911
5684
3401
1967
4970
1728
3537
2256
1344
1141
5615
4548
3049
709
5886
2346
2897
5377
6136
1667
4322
5340
4213
1375
4638
2403
4559
2098
4156
3771
124
4964
208
4372
4811
2878
2994
2774
5231
3330
3720
4025
2517
5283
341
6088
5977
2864
696
2675
4365
4819
3693
3003
6047
3526
5908
6102
52
4470
27
2026
3551
2758
2320
5903
1010
2160
2265
1890
2973
186
4708
81
2855
1136
3112
3800
5373
5135
1066
1286
1502
3333
4235
4108
3813
449
5380
3757
4780
284
1361
1137
3734
4061
4306
1212
688
2013
4523
1041
5810
6087
5343
4010
1867
5773
5392
4725
3022
362
51
3253
4558
4409
675
4132
1327
1701
890
528
5365
5895
3738
2877
4270
4419
2231
1163
4920
3194
74
1489
2555
383
3179
5266
3636
4249
5396
5236
537
700
1060
5232
4413
4289
3061
141
2413
6105
3624
2999
3766
6114
4063
874
855
1268
1687
2384
3442
2502
1666
1602
3907
2505
535
4826
4844
4652
12
1634
6140
5953
3982
142
4471
4830
3786
2047
4379
1014
1312
727
1372
2630
1233
3980
177
2387
1346
677
5823
5326
3322
731
4546
4886
2452
1101
2213
2322
4509
2188
4026
3775
5128
1311
5686
235
2741
2641
1843
1878
4510
2712
2993
3692
1269
153
2477
1577
919
1944
630
2028
3303
4791
111
4533
1401
629
254
5881
2225
1951
135
4508
5897
1087
5670
5783
1076
1181
5485
2952
2773
4179
597
5921
382
2490
4371
637
5587
5825
519
690
2589
5001
2439
5332
4996
5839
2956
2856
4208
4700
340
5348
5771
525
215
108
5643
4319
3043
5717
4420
1157
5994
1609
2743
4222
4903
3426
134
867
3220
5217
4438
5289
1319
44
4254
755
1979
4769
4385
591
4453
699
4051
1147
5503
5047
2961
4349
2323
394
2765
222
2523
3270
2619
2134
5269
5030
2813
1417
2911
4065
2031
3408
4861
279
1574
176
4229
561
366
4998
2209
3082
3264
595
566
2004
2766
3611
1993
2847
242
5189
4618
24
3713
9
3286
4383
2880
3471
984
2341
5408
391
5550
4891
1661
436
4564
4569
3586
5574
5279
2288
4843
5081
5153
1296
5566
1151
4893
3603
5053
6021
4434
738
1003
545
5913
896
4111
3826
5557
4139
1555
4613
1710
5317
219
1509
2115
104
1195
1150
4553
350
3767
2077
4016
5901
62
3260
5068
4748
1438
2777
2977
4201
1518
1315
454
4841
5571
2871
1913
4857
4747
408
6031
1813
2060
1007
1370
3002
3674
2724
1607
271
1335
497
1929
3346
3707
5594
2159
1571
5119
1741
3763
4192
5517
6141
261
6081
4622
4007
1739
1408
1439
4039
1167
5981
791
4799
2894
2859
1168
3204
1103
2550
3610
593
3963
2784
3517
6010
5910
2177
80
255
1219
882
3481
1630
3283
5411
4036
3499
3782
5734
1858
4124
1188
4663
482
676
4412
4579
3956
5200
3352
3721
2179
4076
5120
1767
2414
3023
4518
922
1863
807
3249
1160
661
1111
4969
6084
991
462
4341
865
1300
1598
4330
2425
1541
2478
3797
1876
2688
2528
1713
4476
4746
2277
5665
3144
2783
4544
3711
2401
1785
2676
841
647
479
3822
1187
2203
1700
3091
2819
4077
1508
1543
3708
10
4557
1846
3533
15
2571
5187
6043
4554
3414
4109
6068
5523
5296
4426
2682
1398
3554
4561
2580
1497
5824
3294
5250
4096
4221
3944
1532
4248
4952
3250
4163
2449
3305
1707
4810
5404
4218
1516
860
145
4529
3207
2842
5450
4802
2
4845
2860
3373
4568
1909
1765
5821
5313
4710
2667
2729
354
2751
4181
3779
5794
2248
1912
3585
2029
3926
1589
564
3497
1474
4956
5501
1456
3506
4037
3869
2745
5337
511
1664
404
2230
4177
3285
657
4974
5499
2725
1298
639
4359
4742
4351
3428
3319
5268
3065
4895
1613
2854
380
3690
715
1823
1791
3306
4653
5025
2938
4609
3010
976
66
4938
4677
119
2845
5360
252
3292
3354
446
5246
1969
2084
1983
3514
5108
3628
1492
4650
539
1275
5635
579
2932
3493
1839
1822
5023
2237
1144
2264
1307
4900
1112
4087
1
5173
1654
1769
3166
5800
5992
504
1468
1411
420
3167
2673
5102
3950
4241
6026
3080
5112
5653
4921
4451
5583
2369
2487
5011
2381
548
4651
2067
981
2006
4095
5211
4296
3668
5067
5841
4594
1057
1022
5253
3215
1339
3078
3087
3195
3521
217
4399
2019
3649
1880
2313
1208
4126
4380
806
3475
4460
1446
3694
2728
712
2627
5917
975
2038
4363
5633
2755
481
1603
4792
3984
2633
4398
447
1847
4276
5410
3667
5082
1821
5539
398
2365
3492
3695
3641
3351
107
1864
1159
5028
602
5785
779
4414
2206
717
1227
5431
670
599
2858
813
115
4808
4939
5092
1583
1695
3469
5435
3460
1794
3332
1175
953
5243
734
4678
70
3219
98
640
5729
2286
5329
1263
2604
3095
634
893
5959
5669
792
4382
3236
4492
3972
5272
4587
1284
1242
5572
3217
2120
3381
4463
4776
3067
1986
1694
2497
1533
5580
3457
5098
3572
1588
1291
2042
1802
1705
3052
4778
438
1149
1819
3510
3173
1580
1635
4836
3464
295
1338
1600
569
246
5685
495
2749
6127
4199
250
1455
1171
4062
1365
1121
2156
666
2197
1488
3549
2058
710
2851
2737
5956
2639
4280
1407
5322
4394
871
3189
2872
3723
797
2552
231
3847
3063
5878
131
805
1479
2355
3101
5912
1313
3349
2978
3966
1730
1323
467
2518
5726
3714
1102
2601
75
3231
4260
5036
1072
5644
2095
1557
2027
1945
3858
4567
828
5899
2715
4854
4643
4916
892
1703
1404
228
3622
5845
1937
5008
6121
3765
4271
3134
694
5452
3005
853
5216
1712
3923
2377
2643
1240
4898
1011
648
2891
852
5867
2254
4328
315
491
3191
3620
3654
5034
2022
846
3589
4326
4484
2192
2606
3710
3433
4706
2193
5950
1443
3227
1226
3960
1135
2055
2504
2568
2537
3117
3881
1396
2561
2432
4364
3698
1780
6128
4937
3062
289
2759
2298
4720
796
532
2607
2459
1724
2914
505
3772
5118
1974
1096
3824
1599
613
5006
1359
2447
5957
4902
636
1978
5457
57
1917
1394
3546
2251
914
6041
2250
836
933
6
5968
4242
5933
5859
4781
3947
1935
3816
2287
5341
3028
1005
1537
5453
2569
955
2359
3348
2965
6037
2831
5130
526
2974
369
6042
2837
5732
6106
774
2746
2863
2649
3995
1234
832
1972
1382
3203
2681
4887
1545
1314
2702
1006
1623
3996
3494
1379
1249
1689
2918
3136
5889
1804
2422
5712
1169
3459
5842
127
3359
819
1781
5080
1685
2564
611
1503
35
4443
4467
4494
5985
3084
2147
1288
1515
334
1643
1450
388
3343
5106
1775
5002
4423
4230
501
683
5496
5090
5256
1400
4264
5055
4606
5989
3670
3228
4707
2482
3595
608
6004
4274
5342
845
5383
2389
773
5005
1642
520
6093
5475
2385
303
1973
4034
385
4724
831
3791
4628
2152
1981
902
3284
5364
3696
5617
609
5925
5618
3378
3320
5160
1247
4835
1755
2273
2893
2074
3042
1205
4685
2799
1236
5762
4573
2395
374
427
1209
869
1656
1637
2693
4196
5045
610
3425
313
5662
2421
3278
1507
58
3599
3910
2394
3600
330
343
5698
1224
4440
1706
4570
5148
5123
1770
1640
3827
205
3618
2336
2955
6022
5509
4945
456
4983
4679
4718
789
4959
549
5491
4021
737
782
4211
932
5038
3068
3981
5282
178
5093
2588
4107
2734
5819
360
56
3299
2068
967
5876
34
3127
3938
2361
2109
3478
3412
5294
2076
822
2997
2243
1817
1447
5230
253
5958
5009
2408
5328
2884
2382
5301
3564
5143
4892
1207
4534
4605
1092
568
2327
2438
5733
2114
0
1225
395
3110
2404
1399
4839
2699
790
6079
3567
5244
5710
2944
3744
4236
5522
1183
493
3640
3773
3390
3066
3520
4936
574
542
5984
4697
1809
3483
1522
625
3360
816
4655
2181
3296
4317
2241
5234
4464
2333
4868
4292
448
5879
4961
110
5468
3269
4562
4995
587
4422
5088
5834
5083
2618
1124
4516
6119
2889
2061
3576
466
605
1686
4212
3060
2985
171
365
5015
5163
5848
4589
950
5595
5477
193
631
4184
3818
5619
878
4649
5129
1445
3843
5569
14
4219
5114
962
502
3594
1458
5121
5175
5198
1873
4503
4185
4965
704
5535
1512
2407
2048
3453
2189
1340
3920
3418
2597
3925
809
3727
4158
866
3507
3967
833
2989
6082
2888
1238
721
1538
3976
2921
3854
3712
2337
5074
1130
2372
1184
6017
2790
5707
2691
3859
3242
2895
748
23
5548
2444
698
5790
4011
4619
4624
1898
2191
1921
3345
5983
5857
73
909
4604
407
4311
585
3953
977
2907
2945
5463
972
4442
942
5853
612
1903
2410
2201
5402
5056
1949
4059
1879
916
5191
5627
728
3916
3341
5460
756
4940
4682
4129
4749
5420
1970
431
3489
1768
5238
4134
5779
4350
4636
3470
1553
3913
4390
123
2636
2376
3185
1584
4933
2255
5466
3083
1429
5415
870
6011
1467
2043
5316
3961
2235
5077
3290
1461
5309
2190
3728
703
3298
3410
59
4767
5603
163
5104
4703
3056
3133
912
483
5748
2302
4917
1830
1120
1788
2145
1521
2339
5110
1933
4644
5532
2262
2514
5451
3825
6052
3808
2593
1818
1693
538
1576
321
3035
2742
3472
2708
673
5228
4784
1231
361
2727
1752
126
4415
842
2929
256
2498
4977
4831
4293
2415
1009
1916
1331
1278
2579
5441
285
4047
5262
2062
3323
2033
3866
5147
5325
541
3580
669
2140
4867
761
759
4075
5069
3367
3566
1460
1090
1679
1659
3821
1989
646
4304
1897
174
298
4803
4827
1668
338
429
2947
4761
1476
1053
5394
247
3675
78
753
4381
1716
5736
1350
6089
1525
2399
1325
241
1065
4275
3748
1735
1665
1677
4448
4766
1084
5613
6073
3389
3490
3187
63
1881
4668
2710
2958
663
3839
5344
4874
2613
1245
1420
4167
5263
3405
5911
5161
1051
736
1318
954
3295
3271
3237
722
3793
5061
6103
1419
4932
3404
4490
3006
7
2849
152
725
1842
65
5058
4674
837
2530
351
3302
4862
3942
3406
2567
2703
573
5588
1754
3130
3501
4324
5412
2805
1648
5759
2083
393
971
2721
2696
2080
2283
1078
1814
1663
4627
5387
3190
3753
735
1309
1427
3703
1254
1197
2616
4717
4368
1683
3175
6067
1953
3994
2804
2565
201
4397
2902
1939
4376
4560
3627
6124
1563
5620
5318
3706
5432
961
3477
1054
3934
1506
2066
3606
1126
5545
4207
4666
2367
3372
439
5797
2638
3955
4999
5488
1702
830
3309
4410
3394
2354
6053
4344
1795
1466
1793
4863
342
5186
1321
3327
2081
3233
3012
4957
5872
3970
887
457
1220
4210
4244
2075
33
1241
2983
927
300
4278
243
5890
4896
5333
2184
1253
386
635
1734
1024
1015
4044
435
3344
2010
1592
4660
5528
5170
226
4369
2234
2481
1044
1644
1976
4555
2063
4198
478
3542
3795
5241
1019
5079
5972
543
987
4495
6085
1202
2904
1081
5995
2036
1132
3515
1089
3368
5778
2529
5978
1859
2118
2132
6035
375
3587
2768
6029
4800
2087
3929
1368
5151
969
4142
4297
764
787
2223
2772
3325
3335
4285
1191
5295
2885
2356
1682
2881
3073
4186
2522
4912
2239
3801
120
926
1158
1079
1270
5625
4654
743
358
240
1954
5048
3735
2128
3932
5703
3751
1854
1441
1581
3643
5955
1039
3731
4316
3282
3488
1178
4929
2107
5695
3177
6000
5416
4692
3769
1036
4315
5632
272
957
4813
5578
199
1547
973
3756
5391
3370
3411
1421
2767
4416
3975
5449
94
1255
452
1719
1276
3386
6107
868
3358
2970
494
320
4194
5902
4406
4958
5672
3653
118
4673
3592
2609
6143
3598
1433
1766
1354
5728
4459
4188
5847
3541
3491
345
5756
4838
5504
4216
170
472
1049
2318
1333
4043
3841
5560
4496
3334
2295
2671
1542
2967
2625
4607
396
746
149
5044
4395
1071
3962
5827
5601
2814
5607
5542
4740
2800
2782
918
2473
5105
2775
2576
1142
4342
183
875
6123
1232
968
2869
2226
6059
4130
5390
4488
785
5702
2290
1477
2267
4894
776
4088
4641
1803
1919
3093
5141
2198
2176
5863
4966
3851
4321
5172
1711
2099
1282
11
277
1520
4224
3659
970
958
3607
2680
1031
4732
92
570
642
458
371
3154
768
2701
1605
230
2276
5860
1395
1783
638
3697
3432
2340
3528
4656
4027
4975
2998
4029
2939
1549
412
4052
4541
2873
5184
4789
4046
2879
4346
4889
5706
3673
5199
4161
1106
1088
1831
376
5349
292
1889
1299
1389
2456
3451
5788
1865
527
769
266
6142
2426
1107
3621
2303
5749
684
5483
5760
2672
5870
2001
3109
1883
3810
379
2861
4056
838
2812
1098
4110
2183
3834
5676
4444
4539
3104
3922
4727
4715
1117
2735
1922
656
1176
4869
4565
3880
3247
2307
5858
5547
3525
185
259
5758
2659
1641
1594
5909
3742
2242
733
757
283
2526
5666
2494
524
3277
5668
3684
5159
643
1828
1572
4671
5929
5567
1328
2279
4786
6066
3020
6139
5789
3160
2652
19
312
645
945
5520
5157
662
3361
4880
4825
5439
45
1645
4823
3935
6097
2101
2135
3682
2925
1927
3224
1341
5334
708
4642
2547
2253
1657
471
347
5769
423
1465
2247
2427
4035
864
147
6049
5223
4482
4978
2787
2610
5222
4206
2018
425
1056
606
5614
936
3336
158
781
5358
2175
974
2434
4757
5602
5675
4227
3070
5060
2469
5781
2566
5677
100
788
5943
5512
6046
4165
1959
509
5738
5579
3991
4640
4608
5597
3999
1614
3971
6024
1297
161
480
3559
4042
2841
3226
2380
2148
3040
1510
3416
1606
3930
3959
3884
1221
5808
5656
270
5621
5967
3480
2113
1590
397
5636
3573
2360
5544
1355
3259
3044
2484
2174
2046
4973
6131
6109
3663
2392
4582
910
348
3148
2207
4785
2501
3639
1894
1267
311
4505
4373
4914
5711
3891
1451
353
148
1636
4171
498
1110
4299
5592
3927
3536
1797
767
2953
619
5753
1272
389
4750
5473
2187
4032
3074
16
1756
1938
1115
3619
1485
2670
2910
3304
3917
600
5536
1490
17
31
6122
3007
4093
5775
3777
1422
4284
4452
3135
2603
732
5320
5996
4131
165
3124
5152
2631
1708
2259
4166
4014
1975
4915
3402
2121
3225
309
620
4751
4329
4860
5757
4273
4173
4795
5107
487
2471
3431
2626
6015
5521
46
5493
4009
854
2030
304
4209
1393
4809
4960
4486
4354
4431
2093
1373
1454
2429
1177
6071
3143
3593
2982
5765
1941
2244
3169
2240
4658
5166
5861
1063
3239
473
5336
2261
930
5052
2149
948
1440
557
3588
3701
4375
4225
3163
2258
3833
3874
1539
461
5021
1620
13
1639
1697
4473
4347
1182
2214
160
4309
1633
1514
2909
2771
1134
2830
1714
1371
5097
3016
2515
3676
993
2917
1570
1349
4897
6054
3746
3861
2089
3857
4080
915
251
5714
2824
4004
3427
5050
54
1481
1984
5965
4298
4258
2362
1387
681
5224
5007
3498
2315
2740
5302
898
281
5378
4576
3679
3949
4962
470
513
1995
1761
5384
641
3279
1410
5807
4478
817
546
5850
5010
4204
5089
583
2011
2106
2554
3235
6083
5768
706
8
3936
3140
2644
5192
2178
5584
5575
3719
1535
5251
3650
1899
4361
3992
2020
3965
6025
2124
1265
489
267
5652
2927
4055
4783
802
1579
2875
3172
2642
349
1229
4763
5154
885
3631
4913
3648
5776
4102
3596
1726
5809
4513
3802
6032
4
5791
3383
4404
1777
5540
1688
1861
1836
3605
3632
5855
5206
3652
2822
2257
2347
4577
468
4694
2165
1464
3119
1100
4429
672
4659
801
2595
4968
3316
1161
1222
3906
1193
4883
4982
5766
2219
3363
1250
5638
3853
5131
2789
835
2948
3152
4480
1317
4588
2722
2306
999
1928
40
2949
4214
5464
5724
5430
1660
3660
5877
614
5982
3716
2632
4637
419
2402
3556
990
1790
4272
2397
3094
4775
3059
5407
5997
588
72
2797
326
2981
2025
3176
615
5029
4049
5851
5801
5530
3629
5880
4239
5927
3939
1067
5221
744
3985
5445
3811
2284
2655
514
4003
4768
3783
5699
4358
3645
5076
580
4140
6003
4631
1143
5938
578
4994
4146
4268
2853
5423
3575
3244
2437
1971
4115
125
2348
5369
184
2419
3651
5623
1567
3164
4872
5883
4851
3871
1068
29
5239
881
6115
6065
1425
5833
5260
5155
499
2764
305
299
906
1383
4798
3079
4730
808
1652
2538
1453
2792
1528
4549
5297
5637
3504
4119
4814
4469
5531
4017
5041
3342
921
5518
3339
1473
3075
1026
1027
5954
1782
3222
2628
4243
3128
3957
39
5443
103
2357
563
4689
465
693
2423
1077
4189
109
5596
1097
3889
5220
4563
3987
1852
5641
5820
1760
724
6001
3768
1118
2227
5400
5305
3053
5066
5444
2614
6133
5323
2807
3750
5795
71
5674
5389
2212
1501
6064
4151
2551
3238
649
4001
1988
4907
848
1586
5158
3815
2780
1435
4356
3392
820
5418
2435
4281
1743
2386
2486
2092
3557
4934
5096
4005
188
4866
167
4141
4174
2270
2462
3789
2442
5214
2650
364
2352
3846
2506
214
3614
1179
2343
122
3031
265
4257
5308
4392
1616
4801
4418
1173
1882
4150
4266
3017
2000
686
4089
3717
1495
3123
1875
3422
2785
2635
3466
4603
1083
6091
4709
1483
157
2520
2202
5397
2511
5032
1380
4180
2575
1042
3495
3747
2003
5657
4507
518
3602
5346
2012
2125
5639
2016
1924
2474
486
2112
2707
571
182
4314
2325
3315
2015
6100
3379
4626
1582
1139
3313
227
2761
5425
2418
1905
5024
5497
4136
1211
1835
5372
4138
3781
1164
4752
443
2979
287
5561
4890
3365
5900
1356
1732
4090
2228
5212
592
799
5385
500
1070
3704
4736
558
5591
5555
3661
5764
328
3310
1080
1559
5581
4352
339
3969
3307
2111
490
4079
988
5140
3616
6069
4263
286
4067
2233
3180
274
5915
4458
607
2645
5654
4160
2266
4144
2166
1266
3069
3443
1651
5368
2946
5428
938
2960
3552
101
3090
856
3527
4779
4305
2823
2294
1152
1736
3705
3558
940
4592
3778
5037
4157
794
5145
512
4517
1980
2049
5505
3197
554
2840
678
2539
5660
5381
3511
6135
2104
4583
5971
4728
5835
2308
5171
5646
2934
2798
2732
4540
586
720
1998
4123
2094
754
3931
562
2733
409
20
1251
5552
1857
5934
4931
4734
745
26
5242
1848
1412
3385
53
2102
944
3838
5543
747
2866
4906
4733
2781
523
5697
3153
3254
559
1013
2876
1806
2996
2617
368
4205
5357
3799
2980
2374
5202
1908
834
5194
5948
770
530
4396
5815
5558
4262
4686
695
3733
1799
1888
5865
3205
2041
50
1218
6099
2252
1210
3241
4127
5293
2129
2656
3311
5168
2167
1074
664
1548
913
2398
206
4620
5311
2833
4200
3098
5016
2292
6044
1619
590
920
5599
1008
5974
4591
2119
2299
3902
2668
5826
1048
4661
1731
2936
1874
445
477
2646
3974
5270
381
3141
5197
3877
3754
280
5406
4878
650
2679
1556
2431
2194
565
2971
760
929
2428
516
1626
5508
857
979
2962
3897
2684
716
2984
5745
3597
4754
4580
772
2868
4436
5027
4407
4726
372
4500
1155
262
3512
2778
4971
1704
5642
2224
3086
1174
1091
3664
5747
2138
6101
5931
2808
5735
4162
5304
128
3896
3103
1750
3147
113
1964
5951
682
4812
144
2533
751
3740
5126
4336
1524
210
2217
3181
4086
4834
223
5035
5379
5347
2443
5201
4616
2448
307
3473
876
2602
4050
1587
2950
5988
3186
5122
5271
4612
1353
5907
2495
522
346
1290
2096
533
3216
775
1216
1093
1108
939
3407
3979
1869
1405
4980
2829
85
886
4388
1655
1568
4202
105
1430
6138
5351
2210
93
6057
6020
1698
189
3121
5559
3291
5869
1308
451
3626
2489
4477
582
400
3820
5922
2057
1332
3120
2827
2543
2573
4987
363
1638
5273
924
2762
2738
3382
5537
2527
5103
2040
4876
42
5403
1560
3399
5966
5150
1961
79
3245
1829
1172
5424
2050
2412
5796
2525
687
3898
3678
4006
378
2417
5935
4695
1948
5691
3613
1595
1748
5687
1604
2654
1444
2144
4427
2553
4000
2634
2005
6040
5259
1751
1029
4082
2536
434
3314
4232
5367
1907
5830
5482
4302
1189
5609
4447
5188
5875
5109
2718
4386
1527
5227
3429
21
2467
2574
3161
310
191
3276
3071
4393
4731
5647
5312
121
1280
4147
4081
3214
2826
2364
3978
2908
151
3993
410
2817
4098
4325
4446
4525
3656
5252
653
5437
1123
2416
4377
5500
4497
4738
3050
3983
4101
224
4041
4716
2581
6062
1075
2608
2182
1720
5719
3434
4519
4944
840
4985
4989
5046
3904
6036
2666
2677
536
4250
4237
1763
1985
2388
1870
5132
5576
244
2069
1127
5893
3024
180
333
5054
1523
4143
4193
1279
3912
5786
4012
5936
1303
3230
707
4103
861
4681
2941
6095
5276
6060
963
4639
2086
560
4630
3681
1816
3092
4514
4424
2037
2017
2455
2155
5469
883
4259
4773
3234
3856
4332
2470
5831
5071
4817
5419
4745
1658
2848
4261
1991
4172
5134
3845
1064
485
3601
3435
4310
1302
4840
5362
917
1990
777
5600
1653
4313
2458
4282
4511
1513
4378
2660
655
3888
1930
4545
3762
3901
1277
4633
5763
4972
5874
3266
5506
4307
553
2130
947
3890
140
4535
3122
4384
3326
49
3170
6013
405
4253
1305
5319
5843
4877
5240
4334
3535
1676
288
55
3615
5382
4796
4547
2249
5534
2463
5274
4847
5498
2218
4435
402
1436
4743
5887
3036
815
1673
1554
5515
5314
1099
3267
2663
1796
652
5042
1940
5612
4053
995
1825
2857
1517
5990
1289
1885
1352
3132
2558
1310
4450
3008
4524
2586
508
4676
4551
332
5514
2963
3538
229
2661
4648
1038
2157
416
2700
5203
5288
3928
2969
428
4135
980
5750
3550
665
5487
2480
3081
2461
1808
2535
234
5524
3688
923
4073
5185
4197
5040
3252
2131
282
5467
5489
2215
172
5338
1258
4116
3137
319
4816
3770
5261
3440
3366
6030
3198
4723
5226
47
3532
212
1845
1206
1680
5480
4245
2922
4782
6126
4338
437
492
2560
4805
2793
5937
5782
839
2317
2647
4045
5
1920
5454
5354
5705
3468
5586
1261
2556
5774
22
1424
2584
5894
4105
4247
2503
2689
5564
935
1860
3780
5683
1536
138
1402
269
4092
2896
5693
6129
5849
3672
4832
2351
5471
5196
5873
4331
667
5165
1330
4449
102
5073
750
3990
2334
1834
1727
783
4719
3308
4905
3482
1674
2186
6111
6137
1904
4593
3893
4954
1364
1810
28
4672
237
5257
2779
5799
1337
5072
3105
2704
2954
928
5856
5064
5746
3578
1198
5229
2748
1593
6058
5164
1306
1498
849
296
1738
3909
1259
4946
1744
2867
5290
3581
5405
225
5882
2744
3743
4538
2697
117
872
4078
1109
1196
2834
4475
2986
1965
216
263
544
3886
1757
1837
463
5844
1025
5327
3055
3691
3582
4818
3448
2142
5829
3206
4571
4154
3665
238
1140
6094
3019
4774
233
2409
3774
5945
1856
4118
2750
392
5248
406
5723
2139
3403
2229
5742
2865
3484
4152
4822
359
4217
3722
86
5630
4910
1597
5176
3790
5233
3350
426
1675
2436
2368
3485
2519
5812
5884
3182
1487
5101
1914
6063
4020
1787
659
2007
3952
3362
2664
4159
594
3395
4611
627
475
5013
2424
2311
3655
4520
4755
5918
654
4301
3945
3867
3807
4698
3577
4499
5125
6104
5502
1792
5422
450
5183
1114
2117
5838
196
3523
5792
632
1918
4787
2383
3715
644
1632
4403
2544
112
1850
2161
6112
87
3865
2923
129
3788
5804
5020
355
1154
4711
4013
4598
2541
2788
5919
5414
4195
1478
2951
4387
2587
1691
4942
4058
3106
2892
5806
384
5169
4617
6072
5321
800
5004
3096
3046
5554
1274
5960
441
1747
4287
899
555
3864
2433
2196
2959
5944
399
1690
5495
5335
4849
474
2791
1544
5701
2023
3456
1624
1772
934
3376
5744
3946
2991
1886
146
5940
5740
5179
1384
5299
6045
4028
931
3758
3232
2454
4323
5689
1030
3524
1069
4300
2756
4543
2126
741
6002
2747
4421
2391
3388
453
4979
2052
68
2612
5604
4175
1153
2064
6117
4491
4625
4231
2844
3013
2195
5461
3246
2540
77
5162
5737
983
5987
3531
5888
2445
6005
6056
3863
4182
3637
3829
5976
3870
264
4256
5395
5115
5811
1493
5836
4153
5479
166
4461
1413
5999
4288
5180
2039
1742
5306
3223
3001
1055
3563
1578
752
4595
1621
2683
3377
4599
3423
5573
5484
2695
1746
2726
4054
1950
1779
5622
3548
900
680
804
1345
4117
4794
3876
455
2164
114
4875
3200
4951
3736
190
5137
4873
1059
3272
2964
1472
4528
297
2137
139
5371
1678
324
5926
5033
6134
4030
1028
2278
5063
6028
2988
3868
3317
3725
1511
3726
1129
4566
5436
4279
6009
2457
156
925
1611
3424
4155
3041
6070
5645
1316
1855
209
4759
331
507
6116
2931
3776
2585
4479
4437
5640
414
5388
2034
5287
2754
2045
2133
5237
2070
476
4888
2839
4771
2507
5964
2205
862
5209
3543
1776
5708
3809
4578
459
739
3011
2657
4465
5511
5871
221
179
6132
4504
1452
3915
3199
3446
2162
1116
220
3184
6014
622
4853
3355
5111
1789
5565
1351
3848
5716
116
4277
202
3718
1925
740
4882
4737
5078
5854
2342
4858
5802
5398
3474
442
5059
2297
3565
2796
3844
1647
617
3937
3461
1230
628
946
1388
1047
3570
4602
2598
4610
1841
2353
5117
5659
3208
2730
2850
2496
5803
5353
2968
257
4739
2651
5427
5003
5434
5739
1946
1409
4758
3730
2051
5519
306
3759
4997
4148
424
4466
4233
1958
4417
5930
5490
1871
901
3089
411
3836
4220
4485
1293
4472
5731
1021
2563
4772
911
4122
4871
2674
3849
3077
5062
1058
1148
3155
1095
3450
4712
2272
2843
1035
1017
964
2995
3903
5556
1046
5324
4355
4362
6080
1469
3444
4455
2491
4008
5770
1764
702
3438
713
1853
1824
4597
1722
5549
4904
2811
5772
1484
5805
5086
1237
1448
41
1223
824
2275
3409
5265
2992
4833
1392
4024
1932
3251
5634
4852
3894
719
1615
960
3018
956
5673
415
3004
2208
3885
4925
60
5277
3796
2769
4993
5864
4881
1631
2592
3467
318
4947
2472
4901
4615
1362
2836
3547
2309
4389
1016
488
5767
5709
6006
4859
4967
5822
2151
3289
4884
2169
5720
2594
3840
5947
4699
5704
106
4911
2492
211
674
4099
1994
2238
4829
1334
1475
1257
584
5626
204
3396
5813
2370
6007
4764
3883
5942
2919
3555
2393
5286
61
3280
2123
2056
5582
2886
1287
3828
1385
2692
5331
4019
4976
2349
3393
4337
1962
5281
5478
3487
811
5370
5568
3454
4683
3530
3263
3387
69
5516
2975
1891
2185
3817
3677
1649
5094
484
705
278
1166
1105
3465
37
4919
1418
4038
3686
421
2806
3806
3794
1992
4345
4400
1329
48
3604
2168
4532
2818
718
3540
3157
3812
3630
5085
5649
4899
2940
192
5448
4526
260
843
4190
1273
4228
4614
337
1470
496
1562
2870
4537
4048
4312
4804
4294
3
2476
2103
3755
162
5409
3850
3462
3039
691
5507
1896
1612
308
3954
2714
884
290
2460
4084
3835
4596
4542
2521
2752
4635
3739
2801
5190
1551
1128
1733
4744
2803
1650
3261
1662
5629
258
3486
2763
6061
3301
2466
2821
418
2605
5681
3958
603
2577
2035
3819
5084
4645
5492
1244
978
5417
1360
3545
2559
3479
5057
90
3107
2316
2328
851
2739
1403
4327
3436
1625
2373
4953
4137
3908
1358
4991
4164
4927
1715
5225
1977
3702
5440
5292
5533
5722
1838
1955
1045
1428
1902
4366
4074
3033
5896
4688
2899
4556
2291
5215
1575
83
3633
2310
1281
823
4454
1552
3764
2820
2883
387
3805
248
5429
4820
5563
5650
2615
4662
3221
1199
239
5019
5486
2105
5267
3156
130
3288
6077
1023
692
2204
4584
5651
3413
4023
5178
888
4714
1815
5413
1432
5476
25
1591
3417
1692
2890
1820
3666
3347
4430
1437
5818
95
3356
5156
1844
1295
5952
1999
4343
1491
5218
1987
4457
2054
5986
6125
1608
3391
2623
1798
1369
367
4581
2008
4085
4265
5718
2378
510
3948
5146
1900
4922
5932
5205
5018
2097
5688
2475
5816
1094
4690
4575
3671
4320
195
5914
5087
5285
4489
2658
5291
413
2260
2926
5352
2172
2957
5376
2329
89
1910
1001
1596
36
6130
880
2838
64
2557
4483
